0.00000 0.66 -0.000 0.381
0.00000 9.08 -0.000 0.500
0.00000 -1.28 0.000 0.000
0.00000 24.00 -0.000 0.500
0.00002 -0.95 0.000 0.000
0.00004 3.50 0.000 0.500
0.00004 0.73 0.000 0.444
0.00007 -1.59 0.001 0.000
0.00009 18.38 0.001 0.500
0.00011 -0.35 0.001 0.000
0.00015 19.81 0.001 0.500
0.00018 0.34 0.001 0.000
0.00022 -0.25 0.001 0.000
0.00027 12.92 0.001 0.500
0.00033 0.48 0.001 0.000
0.00038 -1.95 0.001 0.000
0.00044 17.24 0.002 0.500
0.00051 -0.57 0.002 0.000
0.00058 -2.57 0.002 0.000
0.00064 24.00 0.002 0.500
0.00071 -2.64 0.003 0.000
0.00080 15.81 0.003 0.500
0.00087 -1.36 0.003 0.070
0.00096 -1.68 0.003 0.000
0.00105 -2.42 0.004 0.000
0.00116 -2.42 0.004 0.249
0.00123 -3.96 0.004 0.000
0.00132 18.98 0.004 0.500
0.00142 14.51 0.004 0.500
0.00151 -0.88 0.004 0.000
0.00160 -2.21 0.004 0.000
0.00169 -3.95 0.005 0.000
0.00178 22.11 0.005 0.500
0.00189 -4.74 0.005 0.000
0.00198 18.38 0.005 0.500
0.00261 -4.84 0.005 0.000
0.00274 9.42 0.005 0.500
0.00290 -6.25 0.006 0.000
0.00307 -6.45 0.006 0.003
0.00321 -6.85 0.007 0.000
0.00338 16.82 0.007 0.500
0.00352 -5.17 0.007 0.191
0.00367 -6.13 0.007 0.000
0.00381 -6.76 0.007 0.000
0.00396 -6.66 0.007 0.279
0.00408 10.19 0.007 0.500
0.00421 -8.05 0.007 0.000
0.00434 4.12 0.008 0.500
0.00445 -8.86 0.008 0.000
0.00456 6.67 0.008 0.500
0.00466 -8.16 0.008 0.000
0.00477 -8.63 0.008 0.000
0.00486 16.25 0.008 0.500
0.00495 -8.04 0.008 0.000
0.00505 -8.30 0.008 0.069
0.00514 -7.63 0.008 0.361
0.00521 -8.59 0.008 0.000
0.00528 -9.67 0.008 0.000
0.00534 0.96 0.008 0.500
0.00539 -9.18 0.008 0.075
0.00543 10.53 0.007 0.500
0.00546 -9.74 0.008 0.000
0.00550 24.00 0.007 0.500
0.00554 -9.48 0.007 0.000
0.00557 24.00 0.007 0.500
0.00559 -7.56 0.007 0.000
0.00563 -7.50 0.007 0.271
0.00566 -7.85 0.007 0.000
0.00568 8.00 0.007 0.500
0.00572 -8.03 0.007 0.000
0.00579 -5.19 0.007 0.500
0.00577 9.37 0.007 0.500
0.00577 -6.83 0.007 0.000
0.00575 -8.84 0.007 0.000
0.00574 10.95 0.007 0.500
0.00570 -7.15 0.007 0.316
0.00568 3.83 0.007 0.500
0.00566 -1.51 0.007 0.500
0.00564 -6.83 0.007 0.000
0.00563 -7.32 0.007 0.000
0.00559 24.00 0.006 0.500
0.00557 -7.29 0.007 0.000
0.00555 15.31 0.007 0.500
0.00554 5.30 0.006 0.500
0.00554 -4.29 0.006 0.348
0.00554 -6.81 0.007 0.000
0.00554 11.91 0.007 0.500
0.00552 21.66 0.006 0.500
0.00554 -3.82 0.006 0.000
0.00555 -1.07 0.006 0.500
0.00555 -5.61 0.007 0.000
0.00557 4.48 0.007 0.500
0.00559 2.25 0.007 0.500
0.00561 18.47 0.007 0.500
0.00564 -4.44 0.007 0.000
0.00566 15.96 0.007 0.500
0.00570 -4.49 0.007 0.000
0.00574 22.11 0.007 0.500
0.00577 -3.50 0.007 0.000
0.00581 -4.77 0.008 0.000
0.00586 24.00 0.008 0.500
0.00590 1.80 0.008 0.500
0.00597 -2.48 0.008 0.000
0.00603 -3.77 0.008 0.000
0.00608 -2.22 0.008 0.462
0.00635 -1.68 0.009 0.483
0.00639 19.65 0.009 0.500
0.00644 -4.58 0.009 0.000
0.00648 24.00 0.009 0.500
0.00652 -4.26 0.009 0.000
0.00659 17.96 0.010 0.500
0.00662 17.97 0.009 0.500
0.00670 -2.53 0.010 0.000
0.00677 -3.80 0.010 0.000
0.00684 24.00 0.010 0.500
0.00693 5.05 0.010 0.500
0.00702 -3.05 0.011 0.000
0.00710 24.00 0.011 0.500
0.00721 -2.20 0.011 0.000
0.00731 -3.97 0.011 0.000
0.00740 24.00 0.011 0.500
0.00751 -1.89 0.012 0.000
0.00762 11.59 0.012 0.500
0.00773 -1.14 0.012 0.000
0.00786 -3.65 0.012 0.000
0.00797 -3.79 0.013 0.192
0.00809 24.00 0.013 0.500
0.00820 -1.41 0.013 0.178
0.00833 -1.50 0.013 0.005
0.00846 -1.82 0.013 0.000
0.00857 -2.39 0.013 0.000
0.00869 13.02 0.014 0.500
0.00880 5.39 0.013 0.500
0.00893 -3.95 0.014 0.000
0.00904 14.09 0.014 0.500
0.00915 -0.75 0.014 0.472
0.00927 3.99 0.014 0.500
0.00940 14.14 0.014 0.500
0.00951 -1.50 0.014 0.000
0.01013 -3.18 0.015 0.000
0.01022 -4.17 0.015 0.000
0.01033 17.38 0.015 0.500
0.01042 5.03 0.015 0.500
0.01053 3.82 0.015 0.500
0.01064 -2.18 0.015 0.000
0.01074 -2.40 0.015 0.000
0.01083 -3.63 0.016 0.000
0.01093 -4.51 0.016 0.000
0.01102 19.28 0.016 0.500
0.01111 15.75 0.016 0.500
0.01120 -3.10 0.016 0.000
0.01132 12.45 0.016 0.500
0.01142 -4.10 0.017 0.000
0.01152 24.00 0.016 0.500
0.01162 -1.20 0.016 0.000
0.01174 2.24 0.016 0.500
0.01185 -3.85 0.017 0.000
0.01198 21.69 0.017 0.500
0.01209 -3.79 0.017 0.000
0.01221 24.00 0.018 0.500
0.01234 3.57 0.018 0.500
0.01247 -3.09 0.018 0.000
0.01261 24.00 0.018 0.500
0.01274 -1.31 0.018 0.000
0.01290 -2.60 0.019 0.000
0.01303 -1.47 0.019 0.431
0.01318 24.00 0.019 0.500
0.01332 -1.22 0.019 0.000
0.01348 -2.03 0.019 0.000
0.01363 8.55 0.019 0.500
0.01379 -3.46 0.020 0.000
0.01394 14.58 0.020 0.500
0.01410 19.41 0.020 0.500
0.01425 -1.90 0.020 0.000
0.01508 -3.10 0.021 0.000
0.01521 -4.17 0.021 0.000
0.01535 1.91 0.021 0.500
0.01548 8.25 0.022 0.500
0.01563 -4.37 0.022 0.000
0.01577 16.04 0.022 0.500
0.01590 -3.40 0.022 0.000
0.01604 1.79 0.022 0.500
0.01617 5.18 0.023 0.500
0.01630 -2.53 0.023 0.000
0.01642 10.89 0.022 0.500
0.01655 -2.22 0.023 0.000
0.01668 12.76 0.022 0.500
0.01681 -2.79 0.023 0.000
0.01693 11.73 0.023 0.500
0.01706 2.91 0.023 0.500
0.01719 -3.84 0.023 0.000
0.01731 12.00 0.023 0.500
0.01744 6.10 0.023 0.500
0.01757 18.34 0.023 0.500
0.01771 -0.40 0.023 0.000
0.01784 -1.96 0.023 0.000
0.01799 17.28 0.023 0.500
0.01813 -1.51 0.024 0.000
0.01828 -2.57 0.024 0.000
0.01842 6.71 0.024 0.500
0.01857 1.63 0.024 0.500
0.01871 15.42 0.024 0.500
0.01886 -0.28 0.025 0.000
0.01902 -0.77 0.025 0.000
0.01917 4.29 0.025 0.500
0.01931 -1.06 0.025 0.000
0.01946 -2.33 0.025 0.000
0.01960 24.00 0.025 0.500
0.01973 4.33 0.025 0.500
0.01989 -1.01 0.026 0.000
0.02064 -2.88 0.026 0.000
0.02074 3.31 0.027 0.500
0.02087 -3.14 0.027 0.000
0.02100 4.89 0.027 0.500
0.02113 22.45 0.027 0.500
0.02125 -2.10 0.028 0.000
0.02138 -2.56 0.028 0.000
0.02151 9.43 0.028 0.500
0.02163 24.00 0.028 0.500
0.02176 0.74 0.028 0.000
0.02191 -1.69 0.028 0.000
0.02203 12.51 0.028 0.500
0.02218 -1.06 0.028 0.000
0.02232 24.00 0.028 0.500
0.02247 0.24 0.029 0.000
0.02263 15.22 0.029 0.500
0.02278 -0.87 0.029 0.000
0.02294 6.99 0.029 0.500
0.02310 -0.42 0.030 0.013
0.02327 17.23 0.030 0.500
0.02345 0.56 0.030 0.000
0.02361 24.00 0.030 0.500
0.02379 -0.47 0.030 0.000
0.02397 24.00 0.030 0.500
0.02416 1.42 0.031 0.000
0.02436 -0.40 0.031 0.000
0.02454 -0.62 0.032 0.151
0.02474 24.00 0.032 0.500
0.02494 2.14 0.032 0.347
0.02514 4.90 0.032 0.500
0.02535 9.68 0.033 0.500
0.02555 2.10 0.033 0.000
0.02577 0.80 0.033 0.000
0.02597 1.94 0.034 0.432
0.02619 6.36 0.034 0.500
0.02639 18.73 0.034 0.500
0.02661 2.60 0.034 0.136
0.02681 2.36 0.034 0.000
0.02702 3.29 0.034 0.412
0.02724 3.72 0.035 0.442
0.02833 -1.63 0.035 0.000
0.02851 10.18 0.036 0.500
0.02871 -0.86 0.036 0.021
0.02891 2.16 0.037 0.500
0.02913 -0.77 0.037 0.000
0.02933 11.13 0.037 0.500
0.02953 6.07 0.037 0.500
0.02973 6.90 0.037 0.500
0.02995 -0.80 0.038 0.000
0.03015 23.38 0.038 0.500
0.03034 0.72 0.038 0.000
0.03056 0.27 0.038 0.000
0.03078 0.57 0.038 0.325
0.03098 -0.21 0.039 0.000
0.03118 -0.54 0.039 0.000
0.03140 14.34 0.039 0.500
0.03160 2.20 0.039 0.455
0.03181 15.28 0.039 0.500
0.03201 2.59 0.039 0.355
0.03223 0.15 0.039 0.000
0.03243 -0.23 0.040 0.000
0.03265 19.77 0.040 0.500
0.03287 7.70 0.040 0.500
0.03309 0.29 0.040 0.000
0.03330 4.80 0.041 0.500
0.03352 5.31 0.041 0.500
0.03374 0.83 0.041 0.129
0.03396 23.60 0.041 0.500
0.03417 -0.21 0.041 0.000
0.03441 24.00 0.042 0.500
0.03463 2.00 0.042 0.171
0.03486 1.93 0.042 0.011
0.03510 -0.13 0.043 0.000
0.03535 5.61 0.043 0.500
0.03559 24.00 0.043 0.500
0.03583 0.20 0.043 0.000
0.03608 24.00 0.044 0.500
0.03633 0.90 0.044 0.000
0.03659 0.11 0.045 0.000
0.03684 24.00 0.045 0.500
0.03833 -1.87 0.046 0.000
0.03858 5.70 0.046 0.500
0.03889 -2.87 0.047 0.000
0.03920 24.00 0.047 0.500
0.03951 -2.42 0.048 0.000
0.03982 24.00 0.048 0.500
0.04013 -2.03 0.049 0.000
0.04045 -2.99 0.049 0.000
0.04078 4.62 0.050 0.500
0.04109 18.38 0.050 0.500
0.04142 -1.91 0.050 0.000
0.04174 -3.41 0.051 0.000
0.04205 -3.67 0.051 0.043
0.04236 24.00 0.052 0.500
0.04269 -2.67 0.052 0.000
0.04299 -3.91 0.052 0.000
0.04330 -4.45 0.053 0.000
0.04361 7.20 0.053 0.500
0.04390 -4.55 0.053 0.000
0.04421 -4.81 0.054 0.087
0.04450 24.00 0.054 0.500
0.04477 -4.07 0.054 0.000
0.04506 -4.53 0.054 0.000
0.04535 14.51 0.054 0.500
0.04563 -3.39 0.054 0.000
0.04592 19.95 0.054 0.500
0.04619 -4.22 0.055 0.000
0.04646 24.00 0.055 0.500
0.04675 -2.98 0.055 0.000
0.04704 -4.49 0.055 0.000
0.04731 9.92 0.055 0.500
0.04759 -3.81 0.056 0.000
0.04788 0.62 0.056 0.500
0.04815 7.38 0.056 0.500
0.04842 -3.68 0.057 0.000
0.04975 -4.34 0.057 0.000
0.04995 -4.53 0.057 0.171
0.05018 0.48 0.058 0.500
0.05040 5.00 0.058 0.500
0.05062 -4.62 0.058 0.000
0.05083 0.04 0.058 0.500
0.05103 -4.53 0.059 0.000
0.05123 -2.55 0.059 0.484
0.05142 24.00 0.059 0.500
0.05160 2.35 0.059 0.500
0.05180 -1.89 0.059 0.115
0.05200 -2.98 0.059 0.000
0.05220 19.50 0.059 0.500
0.05236 -2.66 0.059 0.000
0.05256 -3.22 0.059 0.000
0.05274 3.29 0.059 0.500
0.05292 -2.91 0.060 0.014
0.05310 14.82 0.060 0.500
0.05328 16.19 0.060 0.500
0.05347 6.85 0.060 0.500
0.05365 0.18 0.060 0.000
0.05383 -1.34 0.060 0.000
0.05403 24.00 0.060 0.500
0.05421 3.04 0.060 0.476
0.05441 11.08 0.060 0.500
0.05461 0.16 0.061 0.000
0.05481 24.00 0.061 0.500
0.05503 1.27 0.061 0.000
0.05525 24.00 0.061 0.500
0.05546 0.96 0.062 0.000
0.05570 23.81 0.062 0.500
0.05593 3.51 0.062 0.376
0.05619 2.74 0.063 0.001
0.05642 1.22 0.063 0.000
0.05668 6.40 0.064 0.500
0.05693 1.41 0.065 0.000
0.05719 24.00 0.065 0.500
0.05744 3.97 0.065 0.006
0.05770 2.08 0.066 0.000
0.05795 22.50 0.066 0.500
0.05944 1.90 0.066 0.000
0.05969 1.91 0.067 0.255
0.06000 0.48 0.068 0.000
0.06031 10.83 0.068 0.500
0.06062 1.09 0.069 0.000
0.06094 10.22 0.069 0.500
0.06125 0.48 0.070 0.000
0.06156 15.84 0.070 0.500
0.06187 14.33 0.070 0.500
0.06218 2.59 0.071 0.000
0.06249 1.59 0.071 0.000
0.06281 10.16 0.071 0.500
0.06312 1.44 0.072 0.000
0.06345 0.80 0.072 0.000
0.06376 0.57 0.073 0.003
0.06407 11.38 0.073 0.500
0.06437 0.50 0.073 0.000
0.06468 24.00 0.074 0.500
0.06499 2.66 0.074 0.001
0.06532 2.31 0.074 0.000
0.06563 12.84 0.074 0.500
0.06593 2.75 0.074 0.000
0.06626 10.68 0.075 0.500
0.06659 2.56 0.075 0.000
0.06691 23.69 0.075 0.500
0.06722 2.19 0.076 0.000
0.06757 13.64 0.076 0.500
0.06789 5.19 0.076 0.487
0.06824 19.88 0.076 0.500
0.06857 1.22 0.077 0.000
0.06893 13.67 0.078 0.500
0.06927 16.85 0.078 0.500
0.06962 11.12 0.078 0.500
0.06998 2.47 0.079 0.000
0.07034 18.45 0.079 0.500
0.07071 2.24 0.080 0.000
0.07109 1.36 0.080 0.000
0.07147 4.39 0.081 0.500
0.07183 14.95 0.081 0.500
0.07220 21.64 0.082 0.500
0.07258 3.43 0.082 0.000
0.07454 -1.02 0.083 0.000
0.07486 -1.25 0.084 0.006
0.07523 4.43 0.084 0.500
0.07559 -1.46 0.085 0.000
0.07595 24.00 0.086 0.500
0.07632 -0.44 0.086 0.000
0.07668 16.34 0.086 0.500
0.07704 -2.51 0.087 0.000
0.07742 14.13 0.087 0.500
0.07779 9.30 0.088 0.500
0.07815 -0.44 0.088 0.000
0.07851 -0.59 0.088 0.190
0.07889 10.75 0.089 0.500
0.07926 -0.91 0.089 0.000
0.07962 -1.15 0.089 0.020
0.07998 18.03 0.090 0.500
0.08033 -0.06 0.090 0.000
0.08069 -0.40 0.090 0.000
0.08105 7.88 0.090 0.500
0.08140 -1.56 0.091 0.000
0.08176 -2.09 0.091 0.000
0.08211 24.00 0.092 0.500
0.08243 -0.58 0.092 0.000
0.08279 13.84 0.092 0.500
0.08314 12.08 0.092 0.500
0.08348 -1.48 0.093 0.000
0.08383 24.00 0.093 0.500
0.08419 0.95 0.093 0.000
0.08456 17.00 0.093 0.500
0.08490 1.86 0.093 0.000
0.08528 1.21 0.094 0.000
0.08564 0.41 0.094 0.000
0.08601 18.99 0.095 0.500
0.08637 1.49 0.095 0.000
0.08673 8.95 0.095 0.500
0.08710 -0.03 0.096 0.000
0.08895 -1.65 0.097 0.000
0.08924 -2.80 0.098 0.000
0.08956 15.18 0.098 0.500
0.08989 -3.10 0.099 0.000
0.09024 15.03 0.099 0.500
0.09056 2.49 0.100 0.500
0.09091 -2.54 0.100 0.000
0.09123 -1.97 0.101 0.369
0.09154 12.58 0.101 0.500
0.09187 3.87 0.101 0.500
0.09218 -1.81 0.102 0.000
0.09250 11.51 0.102 0.500
0.09281 1.18 0.102 0.478
0.09312 15.87 0.102 0.500
0.09345 4.08 0.102 0.500
0.09376 -1.35 0.103 0.000
0.09407 11.40 0.103 0.500
0.09437 8.82 0.103 0.500
0.09470 -0.37 0.104 0.000
0.09501 6.29 0.104 0.500
0.09534 15.95 0.104 0.500
0.09564 7.56 0.104 0.500
0.09597 1.55 0.105 0.000
0.09628 24.00 0.105 0.500
0.09661 3.54 0.105 0.001
0.09695 12.69 0.105 0.500
0.09728 2.62 0.105 0.000
0.09762 9.97 0.106 0.500
0.09795 1.94 0.106 0.000
0.09829 1.70 0.107 0.018
0.09864 24.00 0.107 0.500
0.09898 3.34 0.108 0.000
0.09933 15.47 0.108 0.500
0.09967 2.70 0.109 0.000
0.10002 22.31 0.109 0.500
0.10038 2.86 0.110 0.000
0.10074 24.00 0.110 0.500
0.10109 4.03 0.110 0.000
0.10147 3.66 0.111 0.000
0.10185 24.00 0.111 0.500
0.10390 1.77 0.112 0.000
0.10426 0.65 0.113 0.000
0.10468 15.58 0.114 0.500
0.10510 1.20 0.115 0.000
0.10552 24.00 0.116 0.500
0.10593 2.24 0.116 0.000
0.10635 1.92 0.117 0.000
0.10679 0.31 0.118 0.000
0.10721 6.31 0.118 0.500
0.10762 9.79 0.119 0.500
0.10804 1.14 0.120 0.000
0.10848 7.67 0.120 0.500
0.10889 19.96 0.120 0.500
0.10929 2.20 0.121 0.000
0.10973 1.05 0.121 0.000
0.11013 5.51 0.122 0.500
0.11054 24.00 0.122 0.500
0.11096 11.28 0.122 0.500
0.11140 2.44 0.122 0.000
0.11181 16.08 0.123 0.500
0.11223 2.00 0.123 0.000
0.11267 8.61 0.123 0.500
0.11310 17.82 0.124 0.500
0.11354 2.58 0.124 0.000
0.11397 13.43 0.125 0.500
0.11441 2.02 0.125 0.000
0.11485 1.80 0.126 0.001
0.11528 24.00 0.126 0.500
0.11572 2.84 0.127 0.000
0.11617 5.55 0.127 0.500
0.11661 2.79 0.128 0.000
0.11706 23.58 0.128 0.500
0.11750 10.11 0.128 0.500
0.11795 1.93 0.129 0.000
0.11840 6.47 0.129 0.500
0.11886 24.00 0.130 0.500
0.11929 4.41 0.130 0.003
0.11976 7.51 0.130 0.500
0.12022 4.47 0.131 0.001
0.12067 1.89 0.132 0.000
0.12113 24.00 0.132 0.500
0.12160 6.65 0.133 0.498
0.12207 1.65 0.133 0.000
0.12445 -0.98 0.134 0.000
0.12481 4.17 0.135 0.500
0.12525 -1.91 0.136 0.000
0.12568 24.00 0.137 0.500
0.12612 -0.65 0.138 0.000
0.12657 -1.22 0.138 0.000
0.12701 4.99 0.139 0.500
0.12742 0.14 0.139 0.400
0.12784 24.00 0.140 0.500
0.12828 -1.51 0.140 0.000
0.12869 8.27 0.141 0.500
0.12911 -1.27 0.141 0.000
0.12953 18.77 0.141 0.500
0.12995 0.02 0.142 0.000
0.13036 11.01 0.142 0.500
0.13078 18.77 0.142 0.500
0.13122 0.22 0.142 0.000
0.13163 24.00 0.142 0.500
0.13207 2.78 0.143 0.107
0.13250 3.55 0.143 0.371
0.13292 8.91 0.143 0.500
0.13336 2.96 0.144 0.000
0.13379 1.10 0.144 0.000
0.13423 8.22 0.145 0.500
0.13466 24.00 0.145 0.500
0.13510 2.31 0.146 0.000
0.13554 2.48 0.146 0.298
0.13597 1.30 0.147 0.000
0.13641 24.00 0.147 0.500
0.13684 1.30 0.148 0.000
0.13728 8.62 0.148 0.500
0.13771 11.96 0.149 0.500
0.13815 4.10 0.149 0.448
0.13858 2.61 0.150 0.000
0.13902 24.00 0.150 0.500
0.13946 3.75 0.151 0.000
0.13991 2.77 0.151 0.000
0.14036 24.00 0.151 0.500
0.14080 4.21 0.152 0.000
0.14125 4.42 0.152 0.306
0.14171 4.00 0.153 0.129
0.14216 2.80 0.154 0.000
0.14445 -0.87 0.155 0.000
0.14483 24.00 0.156 0.500
0.14525 1.73 0.156 0.262
0.14570 10.67 0.157 0.500
0.14612 0.61 0.158 0.000
0.14655 8.97 0.158 0.500
0.14697 1.10 0.159 0.014
0.14740 0.74 0.160 0.000
0.14782 24.00 0.160 0.500
0.14826 3.75 0.160 0.012
0.14868 9.55 0.160 0.500
0.14911 1.33 0.161 0.000
0.14953 11.28 0.161 0.500
0.14996 5.57 0.162 0.500
0.15040 24.00 0.162 0.500
0.15082 4.56 0.162 0.000
0.15127 4.34 0.163 0.017
0.15171 4.17 0.163 0.141
0.15214 4.15 0.164 0.168
0.15258 21.69 0.164 0.500
0.15301 3.39 0.165 0.000
0.15347 17.65 0.165 0.500
0.15390 4.27 0.166 0.000
0.15436 23.38 0.166 0.500
0.15481 5.54 0.166 0.022
0.15526 4.54 0.167 0.000
0.15572 23.43 0.167 0.500
0.15617 13.35 0.168 0.500
0.15664 7.68 0.168 0.429
0.15711 6.46 0.169 0.000
0.15759 17.50 0.169 0.500
0.15806 6.21 0.170 0.000
0.15853 5.62 0.170 0.000
0.15902 17.57 0.171 0.500
0.15949 24.00 0.171 0.500
0.16000 7.64 0.172 0.000
0.16049 12.61 0.172 0.500
0.16100 14.44 0.173 0.500
0.16149 7.00 0.173 0.000
0.16200 6.68 0.174 0.000
0.16250 18.12 0.175 0.500
0.16301 6.12 0.176 0.000
0.16566 4.59 0.177 0.000
0.16608 3.67 0.178 0.000
0.16659 2.62 0.179 0.000
0.16710 4.13 0.180 0.459
0.16759 24.00 0.180 0.500
0.16809 4.35 0.181 0.000
0.16858 7.59 0.182 0.500
0.16909 13.71 0.182 0.500
0.16960 5.02 0.183 0.000
0.17009 4.81 0.183 0.013
0.17060 4.61 0.184 0.036
0.17111 3.77 0.184 0.000
0.17162 2.79 0.185 0.000
0.17211 24.00 0.185 0.500
0.17261 5.96 0.185 0.000
0.17310 5.60 0.186 0.000
0.17361 11.57 0.186 0.500
0.17410 12.78 0.187 0.500
0.17461 5.79 0.187 0.000
0.17510 5.77 0.188 0.242
0.17561 6.59 0.188 0.400
0.17612 3.95 0.189 0.000
0.17661 13.64 0.190 0.500
0.17711 24.00 0.190 0.500
0.17762 10.02 0.190 0.500
0.17813 5.21 0.191 0.000
0.17864 24.00 0.191 0.500
0.17917 6.00 0.192 0.000
0.17969 6.48 0.193 0.355
0.18020 23.92 0.193 0.500
0.18073 6.57 0.194 0.000
0.18127 24.00 0.194 0.500
0.18180 6.43 0.195 0.000
0.18234 24.00 0.195 0.500
0.18289 7.45 0.196 0.000
0.18343 5.76 0.197 0.000
0.18399 24.00 0.198 0.500
0.18454 7.24 0.198 0.000
0.18510 8.18 0.199 0.415
0.18566 5.79 0.200 0.000
0.18621 24.00 0.200 0.500
0.18679 7.13 0.201 0.000
0.18735 24.00 0.202 0.500
0.19038 1.49 0.203 0.000
0.19091 24.00 0.204 0.500
0.19151 1.96 0.205 0.000
0.19212 8.20 0.207 0.500
0.19272 2.56 0.208 0.273
0.19332 2.07 0.209 0.000
0.19394 0.29 0.210 0.000
0.19454 23.87 0.210 0.500
0.19512 16.03 0.211 0.500
0.19574 0.69 0.212 0.000
0.19633 0.44 0.212 0.025
0.19693 24.00 0.213 0.500
0.19753 7.35 0.213 0.500
0.19813 0.50 0.214 0.000
0.19873 21.91 0.214 0.500
0.19933 0.83 0.215 0.000
0.19993 12.17 0.215 0.500
0.20053 14.71 0.216 0.500
0.20113 2.66 0.216 0.000
0.20172 0.91 0.217 0.000
0.20232 24.00 0.217 0.500
0.20290 1.95 0.218 0.000
0.20350 0.28 0.218 0.000
0.20410 2.86 0.219 0.499
0.20468 7.23 0.220 0.500
0.20526 9.72 0.220 0.500
0.20584 24.00 0.220 0.500
0.20644 2.81 0.221 0.000
0.20702 17.99 0.221 0.500
0.20760 1.34 0.222 0.000
0.20820 24.00 0.222 0.500
0.20878 1.71 0.223 0.000
0.20938 11.20 0.223 0.500
0.20998 1.31 0.224 0.000
0.21058 24.00 0.224 0.500
0.21116 3.05 0.225 0.000
0.21176 1.14 0.226 0.000
0.21236 19.83 0.226 0.500
0.21294 11.66 0.227 0.500
0.21354 0.62 0.228 0.000
0.21414 4.38 0.229 0.500
0.21472 24.00 0.229 0.500
0.21788 -2.94 0.230 0.000
0.21838 -4.53 0.232 0.000
0.21900 24.00 0.232 0.500
0.21962 -2.43 0.233 0.000
0.22024 -5.07 0.234 0.000
0.22085 24.00 0.235 0.500
0.22145 -3.47 0.236 0.000
0.22205 -5.02 0.237 0.000
0.22265 24.00 0.237 0.500
0.22325 -0.60 0.238 0.482
0.22385 -4.15 0.239 0.000
0.22443 23.69 0.239 0.500
0.22501 -3.09 0.239 0.000
0.22561 -2.76 0.240 0.329
0.22619 -4.74 0.241 0.000
0.22675 2.92 0.241 0.500
0.22733 -3.70 0.242 0.348
0.22789 19.37 0.242 0.500
0.22846 -4.39 0.242 0.000
0.22900 16.68 0.243 0.500
0.22955 10.98 0.243 0.500
0.23009 -2.44 0.243 0.000
0.23064 -3.32 0.244 0.000
0.23118 20.86 0.244 0.500
0.23171 -1.87 0.244 0.000
0.23225 -2.26 0.244 0.000
0.23278 -3.12 0.245 0.000
0.23328 6.48 0.245 0.500
0.23381 -2.59 0.246 0.058
0.23432 0.16 0.246 0.499
0.23483 -2.31 0.247 0.218
0.23532 24.00 0.247 0.500
0.23581 0.86 0.247 0.069
0.23632 -1.05 0.247 0.000
0.23681 6.30 0.248 0.500
0.23927 -5.90 0.249 0.000
0.23967 4.30 0.250 0.500
0.24013 24.00 0.250 0.500
0.24060 -4.38 0.251 0.000
0.24105 24.00 0.252 0.500
0.24152 5.89 0.252 0.500
0.24198 -3.71 0.253 0.000
0.24245 14.41 0.253 0.500
0.24290 11.59 0.254 0.500
0.24338 -2.93 0.254 0.000
0.24385 24.00 0.254 0.500
0.24430 -1.92 0.255 0.000
0.24477 24.00 0.255 0.500
0.24525 3.63 0.256 0.498
0.24572 8.92 0.256 0.500
0.24621 -1.20 0.257 0.000
0.24668 7.56 0.257 0.500
0.24715 22.28 0.258 0.500
0.24762 0.35 0.258 0.000
0.24811 24.00 0.259 0.500
0.24858 1.30 0.259 0.000
0.24907 24.00 0.260 0.500
0.24955 1.45 0.260 0.000
0.25004 1.21 0.261 0.027
0.25053 9.01 0.262 0.500
0.25102 1.73 0.263 0.001
0.25151 13.87 0.263 0.500
0.25200 21.84 0.264 0.500
0.25249 3.77 0.264 0.000
0.25298 16.94 0.264 0.500
0.25347 8.29 0.265 0.500
0.25397 3.75 0.265 0.000
0.25448 24.00 0.266 0.500
0.25497 3.55 0.267 0.000
0.25548 15.08 0.267 0.500
0.25599 5.34 0.268 0.406
0.25650 11.82 0.268 0.500
0.25702 4.29 0.269 0.000
0.25753 24.00 0.270 0.500
0.26024 2.42 0.271 0.000
0.26071 0.89 0.272 0.000
0.26125 13.10 0.273 0.500
0.26180 15.04 0.273 0.500
0.26234 9.04 0.274 0.500
0.26289 1.55 0.275 0.000
0.26343 24.00 0.276 0.500
0.26397 2.32 0.276 0.000
0.26454 1.46 0.277 0.000
0.26508 1.22 0.278 0.000
0.26564 17.57 0.279 0.500
0.26619 20.08 0.279 0.500
0.26673 2.16 0.280 0.000
0.26728 1.47 0.280 0.000
0.26784 24.00 0.281 0.500
0.26838 3.74 0.281 0.000
0.26893 21.16 0.281 0.500
0.26947 3.54 0.282 0.000
0.27004 2.88 0.283 0.000
0.27060 2.38 0.283 0.000
0.27116 18.74 0.284 0.500
0.27171 3.34 0.285 0.000
0.27227 2.75 0.285 0.000
0.27283 7.36 0.286 0.500
0.27338 24.00 0.286 0.500
0.27392 11.86 0.287 0.500
0.27448 4.49 0.287 0.000
0.27505 4.36 0.288 0.202
0.27559 3.20 0.288 0.000
0.27615 2.94 0.289 0.107
0.27670 24.00 0.289 0.500
0.27724 5.60 0.290 0.000
0.27779 4.28 0.290 0.000
0.27833 4.46 0.291 0.300
0.27887 4.07 0.292 0.135
0.27944 19.87 0.292 0.500
0.27998 4.63 0.293 0.000
0.28053 4.05 0.294 0.000
0.28107 24.00 0.294 0.500
0.28162 5.97 0.295 0.292
0.28218 5.05 0.295 0.000
0.28272 5.54 0.296 0.356
0.28327 24.00 0.296 0.500
0.28621 -0.14 0.297 0.000
0.28670 -0.70 0.299 0.000
0.28726 0.91 0.300 0.465
0.28784 9.00 0.301 0.500
0.28842 5.15 0.302 0.500
0.28898 24.00 0.302 0.500
0.28956 2.45 0.303 0.000
0.29015 0.30 0.303 0.000
0.29071 23.91 0.304 0.500
0.29129 0.96 0.305 0.000
0.29187 0.57 0.305 0.000
0.29243 17.09 0.306 0.500
0.29299 1.65 0.306 0.000
0.29358 21.17 0.307 0.500
0.29414 0.62 0.307 0.000
0.29470 18.02 0.308 0.500
0.29526 19.48 0.308 0.500
0.29584 0.93 0.309 0.000
0.29642 24.00 0.309 0.500
0.29699 2.39 0.310 0.000
0.29757 7.72 0.310 0.500
0.29815 9.84 0.311 0.500
0.29871 1.55 0.311 0.000
0.29929 1.28 0.312 0.101
0.29987 4.37 0.313 0.500
0.30045 24.00 0.313 0.500
0.30102 6.87 0.314 0.500
0.30160 1.65 0.314 0.000
0.30216 24.00 0.315 0.500
0.30274 5.42 0.315 0.417
0.30332 3.49 0.316 0.000
0.30390 3.11 0.316 0.000
0.30446 2.75 0.317 0.000
0.30503 3.49 0.318 0.391
0.30559 6.93 0.318 0.500
0.30615 7.41 0.319 0.500
0.30672 19.70 0.319 0.500
0.30728 9.63 0.320 0.500
0.30784 4.01 0.320 0.000
0.30840 3.66 0.321 0.000
0.30897 2.57 0.322 0.000
0.30953 24.00 0.322 0.500
0.31009 4.05 0.323 0.000
0.31065 15.53 0.323 0.500
0.31358 -3.19 0.324 0.000
0.31407 17.62 0.326 0.500
0.31465 -0.02 0.327 0.454
0.31521 -1.70 0.328 0.000
0.31579 7.93 0.328 0.500
0.31635 2.43 0.329 0.500
0.31691 6.73 0.330 0.500
0.31748 1.01 0.330 0.415
0.31804 5.37 0.331 0.500
0.31860 -0.75 0.331 0.000
0.31915 7.30 0.332 0.500
0.31969 -0.68 0.332 0.000
0.32024 12.88 0.332 0.500
0.32078 11.14 0.333 0.500
0.32132 0.43 0.333 0.000
0.32185 -1.34 0.334 0.000
0.32240 24.00 0.334 0.500
0.32290 14.42 0.334 0.500
0.32345 -0.98 0.335 0.000
0.32397 5.79 0.336 0.500
0.32450 18.65 0.336 0.500
0.32503 16.64 0.336 0.500
0.32557 1.75 0.337 0.000
0.32610 4.45 0.337 0.500
0.32662 0.82 0.338 0.000
0.32717 24.00 0.338 0.500
0.32770 1.42 0.339 0.000
0.32824 23.93 0.339 0.500
0.32878 0.92 0.340 0.000
0.32933 12.60 0.341 0.500
0.32985 1.28 0.341 0.000
0.33040 24.00 0.342 0.500
0.33094 4.03 0.342 0.334
0.33149 1.31 0.343 0.000
0.33203 12.46 0.344 0.500
0.33256 24.00 0.344 0.500
0.33310 3.64 0.345 0.000
0.33367 20.21 0.345 0.500
0.33419 3.25 0.346 0.000
0.33704 -0.69 0.347 0.000
0.33750 15.14 0.348 0.500
0.33802 -0.29 0.349 0.000
0.33857 -1.37 0.350 0.000
0.33909 24.00 0.351 0.500
0.33964 -1.98 0.352 0.000
0.34016 23.67 0.352 0.500
0.34069 0.75 0.353 0.362
0.34122 3.87 0.353 0.500
0.34174 9.55 0.354 0.500
0.34227 -0.02 0.355 0.000
0.34279 -0.73 0.355 0.000
0.34332 16.03 0.356 0.500
0.34383 0.50 0.356 0.006
0.34436 -0.17 0.357 0.000
0.34486 22.47 0.357 0.500
0.34537 0.08 0.358 0.000
0.34590 -0.16 0.358 0.000
0.34641 14.79 0.359 0.500
0.34691 11.53 0.359 0.500
0.34742 1.19 0.359 0.000
0.34793 24.00 0.360 0.500
0.34844 3.91 0.360 0.272
0.34895 7.90 0.360 0.500
0.34946 9.78 0.360 0.500
0.34998 2.47 0.361 0.000
0.35049 4.92 0.362 0.498
0.35100 17.77 0.362 0.500
0.35151 2.90 0.363 0.000
0.35201 24.00 0.363 0.500
0.35252 3.08 0.364 0.000
0.35303 24.00 0.364 0.500
0.35356 3.99 0.365 0.000
0.35407 5.30 0.366 0.446
0.35459 3.73 0.366 0.000
0.35512 24.00 0.367 0.500
0.35564 12.36 0.367 0.500
0.35617 5.04 0.368 0.000
0.35670 6.42 0.369 0.451
0.35724 24.00 0.369 0.500
0.36009 1.15 0.370 0.000
0.36056 7.98 0.371 0.500
0.36113 0.38 0.373 0.000
0.36169 24.00 0.373 0.500
0.36225 2.65 0.374 0.000
0.36281 1.15 0.375 0.000
0.36338 24.00 0.376 0.500
0.36396 -0.27 0.377 0.000
0.36452 6.74 0.378 0.500
0.36510 0.11 0.378 0.000
0.36566 24.00 0.379 0.500
0.36623 2.17 0.379 0.000
0.36679 0.13 0.380 0.000
0.36735 14.35 0.381 0.500
0.36791 1.14 0.381 0.006
0.36848 10.75 0.382 0.500
0.36904 1.76 0.382 0.003
0.36958 24.00 0.383 0.500
0.37015 1.40 0.383 0.000
0.37069 1.11 0.384 0.000
0.37125 23.98 0.384 0.500
0.37180 3.00 0.385 0.238
0.37236 20.84 0.385 0.500
0.37290 1.94 0.386 0.000
0.37347 1.67 0.386 0.098
0.37403 7.02 0.387 0.500
0.37459 16.13 0.387 0.500
0.37515 3.08 0.388 0.000
0.37570 19.92 0.388 0.500
0.37626 4.19 0.389 0.049
0.37682 8.22 0.389 0.500
0.37739 4.11 0.390 0.000
0.37795 2.75 0.390 0.000
0.37851 10.31 0.391 0.500
0.37906 24.00 0.391 0.500
0.37962 2.69 0.392 0.000
0.38016 2.54 0.393 0.189
0.38073 24.00 0.393 0.500
0.38129 4.81 0.394 0.000
0.38185 14.05 0.394 0.500
0.38241 2.89 0.395 0.000
0.38298 24.00 0.395 0.500
0.38597 0.44 0.396 0.000
0.38646 -0.22 0.398 0.000
0.38706 4.14 0.399 0.500
0.38766 -1.80 0.400 0.000
0.38824 15.53 0.401 0.500
0.38882 18.21 0.402 0.500
0.38940 1.03 0.402 0.045
0.38998 -1.91 0.403 0.000
0.39054 9.94 0.404 0.500
0.39111 5.62 0.405 0.500
0.39167 -1.32 0.405 0.000
0.39225 5.44 0.406 0.500
0.39281 16.30 0.406 0.500
0.39338 -0.14 0.407 0.000
0.39394 -1.14 0.407 0.000
0.39448 -1.00 0.408 0.289
0.39505 24.00 0.408 0.500
0.39559 0.95 0.408 0.000
0.39615 0.11 0.409 0.000
0.39670 -0.29 0.409 0.000
0.39722 24.00 0.410 0.500
0.39777 5.12 0.410 0.500
0.39829 -0.62 0.410 0.000
0.39884 9.17 0.411 0.500
0.39936 -0.02 0.412 0.000
0.39991 24.00 0.412 0.500
0.40044 0.29 0.412 0.000
0.40096 11.31 0.413 0.500
0.40151 23.09 0.413 0.500
0.40203 2.15 0.414 0.000
0.40258 22.18 0.414 0.500
0.40312 3.52 0.414 0.000
0.40367 12.61 0.415 0.500
0.40421 2.49 0.415 0.000
0.40475 3.76 0.416 0.443
0.40530 2.02 0.417 0.000
0.40584 18.44 0.417 0.500
0.40639 19.21 0.418 0.500
0.40693 4.51 0.418 0.190
0.40971 -2.12 0.420 0.000
0.41016 24.00 0.421 0.500
0.41069 -2.85 0.422 0.000
0.41123 15.42 0.423 0.500
0.41176 8.21 0.424 0.500
0.41229 1.28 0.424 0.474
0.41281 16.72 0.425 0.500
0.41336 0.54 0.425 0.000
0.41388 3.29 0.426 0.500
0.41441 -0.71 0.427 0.000
0.41494 -0.21 0.427 0.359
0.41546 12.43 0.428 0.500
0.41597 16.05 0.428 0.500
0.41648 2.89 0.428 0.425
0.41699 0.90 0.429 0.000
0.41750 0.57 0.429 0.000
0.41800 24.00 0.430 0.500
0.41851 2.79 0.430 0.009
0.41902 1.46 0.430 0.000
0.41953 9.92 0.431 0.500
0.42004 7.62 0.431 0.500
0.42054 7.04 0.432 0.500
0.42105 1.20 0.432 0.000
0.42156 10.25 0.433 0.500
0.42205 1.30 0.434 0.000
0.42254 24.00 0.434 0.500
0.42305 4.21 0.434 0.006
0.42354 3.55 0.435 0.000
0.42405 18.46 0.435 0.500
0.42454 4.53 0.435 0.010
0.42505 3.57 0.436 0.000
0.42554 24.00 0.437 0.500
0.42604 12.84 0.437 0.500
0.42655 5.64 0.437 0.128
0.42706 4.99 0.438 0.000
0.42755 4.60 0.439 0.000
0.42808 8.01 0.439 0.500
0.42858 21.26 0.440 0.500
0.42909 18.86 0.440 0.500
0.42960 5.76 0.441 0.000
0.43011 5.14 0.442 0.000
0.43064 24.00 0.442 0.500
0.43343 1.43 0.443 0.000
0.43388 24.00 0.444 0.500
0.43445 0.52 0.446 0.000
0.43501 24.00 0.446 0.500
0.43557 0.60 0.448 0.000
0.43613 7.37 0.449 0.500
0.43670 5.41 0.450 0.500
0.43726 24.00 0.450 0.500
0.43782 2.03 0.451 0.000
0.43840 11.22 0.451 0.500
0.43897 2.54 0.452 0.000
0.43955 1.72 0.453 0.000
0.44011 21.93 0.453 0.500
0.44067 2.64 0.454 0.000
0.44123 21.38 0.454 0.500
0.44180 2.05 0.455 0.000
0.44238 1.93 0.456 0.205
0.44294 24.00 0.456 0.500
0.44350 3.83 0.457 0.212
0.44408 3.00 0.457 0.000
0.44463 10.77 0.458 0.500
0.44519 24.00 0.458 0.500
0.44577 4.93 0.458 0.000
0.44633 8.72 0.459 0.500
0.44690 3.59 0.459 0.000
0.44748 2.45 0.460 0.000
0.44804 20.29 0.461 0.500
0.44862 3.30 0.462 0.000
0.44918 24.00 0.462 0.500
0.44975 5.15 0.462 0.000
0.45033 15.73 0.463 0.500
0.45091 3.00 0.464 0.000
0.45149 24.00 0.464 0.500
0.45207 4.39 0.465 0.000
0.45265 3.61 0.466 0.000
0.45323 3.47 0.466 0.198
0.45381 24.00 0.467 0.500
0.45439 4.83 0.467 0.000
0.45497 4.50 0.468 0.000
0.45555 22.04 0.469 0.500
0.45613 4.63 0.469 0.000
0.45673 9.80 0.470 0.500
0.45978 0.60 0.471 0.000
0.46027 7.49 0.472 0.500
0.46085 -2.23 0.473 0.000
0.46143 24.00 0.474 0.500
0.46201 5.47 0.475 0.500
0.46260 0.13 0.476 0.000
0.46318 12.06 0.476 0.500
0.46374 -1.66 0.477 0.000
0.46432 2.29 0.478 0.500
0.46488 0.92 0.479 0.493
0.46544 21.33 0.479 0.500
0.46601 3.43 0.480 0.500
0.46657 3.38 0.480 0.495
0.46713 -1.44 0.481 0.000
0.46768 24.00 0.481 0.500
0.46824 0.27 0.481 0.000
0.46878 -1.01 0.482 0.000
0.46935 11.87 0.482 0.500
0.46989 -0.35 0.483 0.000
0.47044 11.31 0.483 0.500
0.47098 9.71 0.484 0.500
0.47152 1.24 0.484 0.166
0.47207 0.87 0.484 0.000
0.47260 0.86 0.485 0.246
0.47314 0.63 0.485 0.022
0.47367 19.00 0.486 0.500
0.47417 0.60 0.486 0.000
0.47470 0.37 0.487 0.010
0.47523 24.00 0.487 0.500
0.47574 2.00 0.487 0.000
0.47626 1.07 0.488 0.000
0.47679 24.00 0.488 0.500
0.47730 4.17 0.489 0.357
0.47782 2.06 0.489 0.000
0.47835 24.00 0.490 0.500
0.47886 3.15 0.490 0.000
0.47938 10.86 0.491 0.500
0.47991 6.95 0.491 0.500
0.48044 5.10 0.492 0.425
0.48096 11.99 0.492 0.500
0.48147 3.05 0.493 0.000
0.48200 24.00 0.494 0.500
0.48475 0.75 0.495 0.000
0.48521 -1.05 0.496 0.000
0.48577 21.96 0.497 0.500
0.48632 -0.63 0.498 0.000
0.48688 15.26 0.499 0.500
0.48742 4.80 0.499 0.500
0.48799 2.45 0.500 0.448
0.48853 -0.94 0.501 0.000
0.48907 24.00 0.502 0.500
0.48962 -0.43 0.502 0.000
0.49016 24.00 0.503 0.500
0.49071 1.30 0.503 0.000
0.49125 0.18 0.504 0.000
0.49180 24.00 0.504 0.500
0.49234 1.38 0.505 0.000
0.49290 19.05 0.505 0.500
0.49345 1.53 0.506 0.000
0.49399 1.19 0.506 0.000
0.49456 6.75 0.507 0.500
0.49510 4.27 0.507 0.499
0.49564 24.00 0.508 0.500
0.49619 3.78 0.508 0.000
0.49675 2.82 0.509 0.000
0.49728 2.03 0.509 0.000
0.49782 24.00 0.510 0.500
0.49837 1.70 0.510 0.000
0.49891 24.00 0.511 0.500
0.49946 1.79 0.512 0.000
0.50000 24.00 0.512 0.500
0.50056 2.47 0.513 0.000
0.50111 23.30 0.513 0.500
0.50165 2.83 0.514 0.000
0.50221 22.69 0.514 0.500
0.50278 2.10 0.515 0.000
0.50334 24.00 0.516 0.500
0.50392 9.55 0.516 0.500
0.50448 3.79 0.517 0.000
0.50506 3.25 0.518 0.000
0.50564 24.00 0.518 0.500
0.50623 3.34 0.519 0.000
0.50918 -3.15 0.521 0.000
0.50967 7.02 0.522 0.500
0.51022 22.34 0.523 0.500
0.51078 -1.46 0.524 0.000
0.51134 22.30 0.525 0.500
0.51189 3.20 0.525 0.499
0.51245 6.37 0.526 0.500
0.51301 -0.90 0.527 0.000
0.51358 14.28 0.527 0.500
0.51412 -0.12 0.528 0.000
0.51468 -1.63 0.529 0.000
0.51523 24.00 0.529 0.500
0.51577 1.00 0.529 0.329
0.51632 -0.25 0.530 0.000
0.51686 18.24 0.530 0.500
0.51740 -0.68 0.531 0.000
0.51795 21.57 0.531 0.500
0.51848 0.63 0.532 0.000
0.51902 22.95 0.532 0.500
0.51955 1.17 0.532 0.000
0.52009 18.84 0.533 0.500
0.52064 1.36 0.533 0.000
0.52118 18.08 0.534 0.500
0.52172 0.62 0.534 0.000
0.52227 -0.09 0.535 0.000
0.52281 8.10 0.536 0.500
0.52336 1.16 0.536 0.363
0.52390 23.31 0.537 0.500
0.52445 1.78 0.537 0.000
0.52497 6.46 0.538 0.500
0.52550 1.60 0.538 0.000
0.52604 24.00 0.538 0.500
0.52659 4.71 0.539 0.386
0.52713 1.99 0.539 0.000
0.52766 5.12 0.540 0.500
0.52819 15.86 0.541 0.500
0.52873 2.41 0.541 0.000
0.52926 1.86 0.542 0.000
0.52978 24.00 0.542 0.500
0.53033 2.92 0.543 0.000
0.53307 -2.46 0.544 0.000
0.53350 24.00 0.545 0.500
0.53401 -2.02 0.546 0.000
0.53454 3.66 0.547 0.500
0.53505 24.00 0.547 0.500
0.53555 0.95 0.548 0.000
0.53608 8.69 0.548 0.500
0.53659 10.32 0.549 0.500
0.53710 2.03 0.549 0.000
0.53760 -0.51 0.550 0.000
0.53811 24.00 0.550 0.500
0.53862 1.79 0.551 0.000
0.53913 1.57 0.551 0.004
0.53964 17.80 0.552 0.500
0.54013 2.06 0.552 0.000
0.54065 13.60 0.553 0.500
0.54114 1.56 0.553 0.000
0.54165 24.00 0.554 0.500
0.54216 1.82 0.554 0.000
0.54269 10.13 0.555 0.500
0.54319 6.01 0.555 0.500
0.54370 2.77 0.556 0.238
0.54421 13.65 0.557 0.500
0.54474 3.97 0.557 0.321
0.54524 2.27 0.558 0.000
0.54575 15.99 0.558 0.500
0.54626 3.04 0.559 0.000
0.54677 9.41 0.559 0.500
0.54726 24.00 0.560 0.500
0.54777 3.91 0.560 0.000
0.54829 6.39 0.561 0.498
0.54880 17.98 0.561 0.500
0.54931 10.43 0.562 0.500
0.54984 16.75 0.562 0.500
0.55036 5.52 0.563 0.000
0.55089 4.89 0.563 0.000
0.55142 6.23 0.564 0.448
0.55194 4.74 0.565 0.070
0.55247 4.70 0.565 0.157
0.55298 24.00 0.566 0.500
0.55348 17.77 0.566 0.500
0.55628 1.74 0.567 0.000
0.55675 5.43 0.568 0.500
0.55730 1.83 0.569 0.009
0.55786 5.12 0.570 0.500
0.55840 1.84 0.571 0.000
0.55897 1.25 0.572 0.000
0.55951 24.00 0.572 0.500
0.56005 16.61 0.573 0.500
0.56060 2.65 0.574 0.000
0.56114 2.32 0.574 0.000
0.56171 9.22 0.575 0.500
0.56225 2.84 0.575 0.228
0.56279 15.52 0.576 0.500
0.56334 3.39 0.576 0.000
0.56390 12.44 0.577 0.500
0.56445 3.14 0.577 0.000
0.56497 21.20 0.578 0.500
0.56552 4.35 0.578 0.038
0.56606 13.63 0.578 0.500
0.56661 4.34 0.579 0.000
0.56715 3.80 0.580 0.000
0.56770 23.96 0.580 0.500
0.56824 5.20 0.580 0.003
0.56880 4.08 0.581 0.000
0.56936 24.00 0.581 0.500
0.56991 5.86 0.582 0.004
0.57047 3.54 0.583 0.000
0.57102 22.78 0.583 0.500
0.57158 17.89 0.584 0.500
0.57214 4.36 0.585 0.000
0.57270 24.00 0.585 0.500
0.57327 6.17 0.585 0.000
0.57385 5.94 0.586 0.000
0.57443 15.80 0.587 0.500
0.57499 5.32 0.588 0.000
0.57557 24.00 0.588 0.500
0.57615 6.86 0.589 0.045
0.57673 6.48 0.589 0.000
0.57731 7.69 0.590 0.439
0.57789 5.11 0.591 0.000
0.57848 19.68 0.592 0.500
0.57906 15.11 0.592 0.500
0.57964 5.75 0.593 0.000
0.58267 1.40 0.594 0.000
0.58316 1.15 0.596 0.000
0.58372 -0.52 0.597 0.000
0.58428 2.74 0.598 0.500
0.58485 24.00 0.599 0.500
0.58541 1.71 0.599 0.080
0.58597 15.15 0.600 0.500
0.58653 2.52 0.600 0.000
0.58710 7.45 0.601 0.500
0.58764 3.29 0.601 0.336
0.58820 2.75 0.602 0.000
0.58877 2.25 0.602 0.000
0.58931 1.22 0.603 0.000
0.58985 17.68 0.603 0.500
0.59038 2.54 0.604 0.228
0.59093 2.02 0.604 0.000
0.59147 16.13 0.604 0.500
0.59200 11.81 0.605 0.500
0.59254 2.08 0.605 0.000
0.59307 5.67 0.606 0.500
0.59359 24.00 0.606 0.500
0.59412 1.78 0.607 0.000
0.59466 5.18 0.607 0.500
0.59519 24.00 0.608 0.500
0.59572 4.50 0.608 0.000
0.59626 8.14 0.608 0.500
0.59679 3.64 0.609 0.000
0.59733 3.09 0.610 0.000
0.59786 9.56 0.610 0.500
0.59840 16.39 0.611 0.500
0.59893 15.74 0.611 0.500
0.59947 7.12 0.612 0.466
0.60002 5.16 0.612 0.000
0.60056 10.00 0.613 0.500
0.60111 4.69 0.613 0.000
0.60165 8.34 0.614 0.500
0.60218 24.00 0.614 0.500
0.60272 5.21 0.615 0.000
0.60327 4.98 0.616 0.000
0.60379 8.42 0.616 0.500
0.60434 18.18 0.617 0.500
0.60488 5.22 0.617 0.000
0.60544 22.78 0.618 0.500
0.60835 2.17 0.619 0.000
0.60884 1.65 0.620 0.000
0.60942 9.29 0.621 0.500
0.61000 0.06 0.622 0.000
0.61058 20.80 0.623 0.500
0.61114 1.16 0.624 0.000
0.61172 0.25 0.625 0.000
0.61229 16.44 0.625 0.500
0.61285 14.93 0.626 0.500
0.61341 0.92 0.626 0.000
0.61399 14.42 0.627 0.500
0.61456 10.43 0.627 0.500
0.61512 1.41 0.628 0.000
0.61568 16.25 0.628 0.500
0.61624 3.24 0.629 0.370
0.61682 2.25 0.629 0.000
0.61739 9.68 0.630 0.500
0.61795 -0.03 0.630 0.000
0.61853 -0.27 0.631 0.012
0.61907 5.81 0.632 0.500
0.61964 24.00 0.632 0.500
0.62018 1.26 0.632 0.000
0.62073 16.32 0.633 0.500
0.62127 2.12 0.633 0.000
0.62183 1.85 0.634 0.058
0.62238 0.38 0.634 0.000
0.62290 10.79 0.635 0.500
0.62345 0.27 0.636 0.000
0.62399 19.62 0.636 0.500
0.62454 0.51 0.637 0.000
0.62506 15.53 0.637 0.500
0.62561 1.56 0.638 0.019
0.62615 3.33 0.638 0.471
0.62668 18.16 0.638 0.500
0.62721 0.93 0.639 0.000
0.62773 14.28 0.639 0.500
0.62826 20.48 0.640 0.500
0.62880 2.48 0.640 0.000
0.62933 15.16 0.641 0.500
0.62987 3.25 0.641 0.076
0.63040 2.64 0.642 0.000
0.63093 2.08 0.642 0.000
0.63363 -3.40 0.643 0.000
0.63405 24.00 0.644 0.500
0.63454 -1.85 0.645 0.000
0.63505 -2.34 0.646 0.000
0.63555 17.28 0.647 0.500
0.63604 -1.23 0.647 0.000
0.63653 -2.95 0.648 0.000
0.63702 24.00 0.648 0.500
0.63751 -0.71 0.649 0.000
0.63800 -0.95 0.649 0.000
0.63849 10.45 0.650 0.500
0.63897 -0.79 0.650 0.000
0.63944 10.28 0.651 0.500
0.63991 2.73 0.651 0.499
0.64038 2.89 0.651 0.498
0.64085 -1.75 0.652 0.000
0.64131 24.00 0.652 0.500
0.64178 0.30 0.652 0.000
0.64223 -0.32 0.653 0.000
0.64270 12.52 0.653 0.500
0.64316 11.34 0.653 0.500
0.64361 1.43 0.654 0.063
0.64408 8.27 0.654 0.500
0.64454 1.76 0.654 0.000
0.64499 -0.55 0.655 0.000
0.64544 18.29 0.656 0.500
0.64590 15.61 0.656 0.500
0.64635 0.33 0.657 0.000
0.64681 24.00 0.657 0.500
0.64726 1.63 0.657 0.000
0.64771 12.80 0.658 0.500
0.64817 0.91 0.658 0.000
0.64864 3.59 0.659 0.500
0.64909 24.00 0.659 0.500
0.64955 2.12 0.660 0.000
0.65002 1.26 0.660 0.000
0.65047 3.74 0.661 0.498
0.65093 6.42 0.662 0.500
0.65327 -2.33 0.663 0.000
0.65365 24.00 0.663 0.500
0.65408 -0.62 0.664 0.000
0.65454 -2.05 0.665 0.000
0.65499 18.26 0.665 0.500
0.65544 -1.19 0.666 0.000
0.65588 24.00 0.666 0.500
0.65633 -1.47 0.667 0.000
0.65679 24.00 0.668 0.500
0.65722 -1.22 0.668 0.000
0.65768 5.78 0.669 0.500
0.65813 24.00 0.669 0.500
0.65858 2.56 0.669 0.405
0.65904 -0.70 0.670 0.000
0.65949 19.82 0.670 0.500
0.65995 0.69 0.671 0.000
0.66042 7.20 0.671 0.500
0.66087 0.98 0.672 0.065
0.66132 0.34 0.672 0.000
0.66178 24.00 0.673 0.500
0.66223 2.02 0.673 0.000
0.66270 0.74 0.673 0.000
0.66316 24.00 0.674 0.500
0.66361 6.45 0.674 0.500
0.66407 0.82 0.675 0.000
0.66452 13.13 0.675 0.500
0.66497 14.08 0.675 0.500
0.66543 0.81 0.676 0.000
0.66590 24.00 0.676 0.500
0.66635 3.33 0.677 0.000
0.66682 2.56 0.677 0.000
0.66728 0.67 0.678 0.000
0.66775 4.75 0.679 0.500
0.66820 24.00 0.679 0.500
0.66866 2.78 0.680 0.000
0.66913 7.82 0.680 0.500
0.66958 2.28 0.681 0.000
0.67004 4.43 0.681 0.490
0.67049 0.98 0.682 0.000
0.67096 7.10 0.682 0.500
0.67142 5.19 0.683 0.500
0.67372 -2.20 0.684 0.000
0.67410 10.56 0.685 0.500
0.67454 -1.35 0.685 0.014
0.67497 4.34 0.686 0.500
0.67541 -0.98 0.686 0.185
0.67583 21.55 0.687 0.500
0.67624 0.87 0.687 0.001
0.67666 -2.11 0.687 0.000
0.67708 24.00 0.688 0.500
0.67750 -1.03 0.688 0.000
0.67791 13.63 0.689 0.500
0.67833 10.51 0.689 0.500
0.67877 -0.92 0.689 0.000
0.67918 17.30 0.690 0.500
0.67960 0.38 0.690 0.000
0.68004 11.02 0.690 0.500
0.68045 0.44 0.691 0.000
0.68087 -0.77 0.691 0.000
0.68131 -1.08 0.692 0.000
0.68172 1.20 0.692 0.494
0.68212 -1.12 0.693 0.137
0.68252 1.38 0.693 0.495
0.68292 17.88 0.693 0.500
0.68332 4.30 0.694 0.500
0.68372 22.12 0.694 0.500
0.68412 2.25 0.694 0.000
0.68452 9.15 0.694 0.500
0.68492 0.52 0.694 0.000
0.68532 12.46 0.695 0.500
0.68572 5.64 0.695 0.500
0.68612 10.68 0.695 0.500
0.68650 1.35 0.696 0.000
0.68690 13.74 0.696 0.500
0.68730 3.76 0.697 0.450
0.68770 2.55 0.697 0.260
0.68809 1.36 0.698 0.000
0.68849 24.00 0.698 0.500
0.68889 2.54 0.698 0.000
0.68929 6.72 0.699 0.500
0.69134 0.83 0.699 0.000
0.69169 -1.05 0.700 0.000
0.69209 4.50 0.701 0.500
0.69249 6.93 0.702 0.500
0.69289 -1.51 0.702 0.000
0.69327 8.17 0.703 0.500
0.69365 1.57 0.704 0.493
0.69403 4.37 0.704 0.500
0.69441 24.00 0.704 0.500
0.69479 -1.08 0.705 0.000
0.69517 24.00 0.705 0.500
0.69555 1.67 0.705 0.000
0.69593 -0.04 0.706 0.000
0.69632 10.43 0.706 0.500
0.69670 -0.31 0.706 0.000
0.69708 20.53 0.707 0.500
0.69748 -0.18 0.707 0.000
0.69786 24.00 0.707 0.500
0.69824 3.02 0.708 0.116
0.69864 1.25 0.708 0.000
0.69904 20.38 0.708 0.500
0.69944 1.37 0.709 0.000
0.69985 0.22 0.710 0.000
0.70024 3.58 0.710 0.500
0.70064 24.00 0.711 0.500
0.70103 2.70 0.711 0.000
0.70143 2.24 0.711 0.000
0.70183 13.75 0.712 0.500
0.70223 2.64 0.712 0.000
0.70263 13.91 0.712 0.500
0.70303 2.95 0.713 0.000
0.70345 5.17 0.713 0.492
0.70385 2.53 0.714 0.000
0.70425 0.81 0.714 0.000
0.70465 14.25 0.715 0.500
0.70505 12.11 0.715 0.500
0.70544 5.15 0.716 0.496
0.70583 1.68 0.716 0.000
0.70623 24.00 0.716 0.500
0.70662 4.45 0.717 0.397
0.70702 1.14 0.717 0.000
0.70909 -0.40 0.718 0.000
0.70940 -1.44 0.719 0.000
0.70978 5.15 0.720 0.500
0.71016 -1.49 0.720 0.000
0.71054 -2.87 0.721 0.000
0.71091 24.00 0.721 0.500
0.71127 0.43 0.721 0.099
0.71163 6.17 0.722 0.500
0.71200 0.81 0.722 0.084
0.71236 -1.53 0.722 0.000
0.71272 2.64 0.723 0.500
0.71307 20.42 0.723 0.500
0.71341 -1.81 0.724 0.000
0.71377 24.00 0.724 0.500
0.71412 1.42 0.724 0.368
0.71446 7.26 0.724 0.500
0.71483 1.21 0.724 0.126
0.71517 0.65 0.725 0.000
0.71554 0.01 0.725 0.000
0.71588 -0.46 0.725 0.000
0.71623 24.00 0.726 0.500
0.71657 1.92 0.726 0.000
0.71691 1.67 0.726 0.035
0.71726 -0.61 0.727 0.000
0.71760 18.60 0.727 0.500
0.71795 0.77 0.727 0.000
0.71831 11.04 0.728 0.500
0.71866 0.85 0.728 0.000
0.71900 23.75 0.728 0.500
0.71935 0.93 0.729 0.000
0.71969 18.39 0.729 0.500
0.72004 1.55 0.729 0.000
0.72040 1.19 0.730 0.000
0.72074 12.05 0.730 0.500
0.72111 11.43 0.730 0.500
0.72147 0.30 0.731 0.000
0.72183 0.98 0.731 0.383
0.72218 -0.04 0.732 0.000
0.72254 22.42 0.732 0.500
0.72290 16.23 0.732 0.500
0.72481 -1.93 0.733 0.000
0.72514 20.16 0.734 0.500
0.72554 -0.21 0.734 0.175
0.72593 -1.40 0.735 0.000
0.72633 -3.05 0.736 0.000
0.72673 23.47 0.736 0.500
0.72713 -3.98 0.737 0.000
0.72753 8.26 0.737 0.500
0.72791 7.87 0.738 0.500
0.72831 10.25 0.738 0.500
0.72871 -1.59 0.738 0.000
0.72911 -2.64 0.739 0.000
0.72949 -3.56 0.739 0.000
0.72989 12.78 0.739 0.500
0.73027 -3.07 0.740 0.000
0.73065 -4.26 0.740 0.000
0.73102 24.00 0.740 0.500
0.73138 -4.26 0.741 0.000
0.73176 6.65 0.741 0.500
0.73212 -3.96 0.742 0.000
0.73247 -4.19 0.742 0.141
0.73283 24.00 0.742 0.500
0.73318 -2.53 0.742 0.000
0.73354 -3.12 0.742 0.000
0.73388 1.24 0.743 0.500
0.73423 -3.10 0.743 0.000
0.73456 -3.37 0.743 0.078
0.73490 -3.87 0.743 0.000
0.73521 24.00 0.743 0.500
0.73554 -2.89 0.744 0.000
0.73586 17.95 0.744 0.500
0.73619 -3.66 0.744 0.000
0.73652 0.44 0.744 0.500
0.73682 5.08 0.745 0.500
0.73713 -4.00 0.745 0.000
0.73866 -1.72 0.746 0.494
0.73887 -5.24 0.746 0.000
0.73915 -5.50 0.747 0.097
0.73940 -5.72 0.747 0.000
0.73964 24.00 0.747 0.500
0.73987 -3.77 0.747 0.000
0.74013 -5.29 0.748 0.000
0.74036 24.00 0.748 0.500
0.74058 -3.64 0.748 0.000
0.74082 12.65 0.748 0.500
0.74105 -2.54 0.748 0.030
0.74129 -4.24 0.748 0.000
0.74151 24.00 0.748 0.500
0.74172 -2.16 0.749 0.000
0.74196 5.23 0.749 0.500
0.74220 -3.17 0.749 0.000
0.74241 12.96 0.749 0.500
0.74265 -3.26 0.750 0.000
0.74287 2.12 0.750 0.500
0.74310 16.31 0.750 0.500
0.74332 -2.12 0.750 0.000
0.74354 24.00 0.750 0.500
0.74377 -2.02 0.751 0.000
0.74401 14.36 0.751 0.500
0.74425 -1.66 0.751 0.000
0.74448 16.34 0.751 0.500
0.74472 19.66 0.751 0.500
0.74495 1.34 0.752 0.121
0.74521 1.25 0.752 0.000
0.74546 10.96 0.752 0.500
0.74572 1.82 0.752 0.033
0.74599 0.73 0.753 0.000
0.74624 0.29 0.753 0.000
0.74650 24.00 0.753 0.500
0.74675 1.02 0.754 0.000
0.74701 21.57 0.754 0.500
0.74848 -1.08 0.754 0.000
0.74873 -1.77 0.755 0.000
0.74904 12.79 0.756 0.500
0.74935 11.02 0.756 0.500
0.74966 -2.87 0.757 0.000
0.74996 6.86 0.758 0.500
0.75027 -2.56 0.758 0.000
0.75058 24.00 0.758 0.500
0.75089 -0.66 0.759 0.000
0.75120 -1.20 0.759 0.000
0.75151 -1.43 0.760 0.000
0.75180 -2.71 0.760 0.000
0.75211 21.75 0.760 0.500
0.75240 -3.00 0.761 0.000
0.75270 16.28 0.761 0.500
0.75299 11.80 0.761 0.500
0.75328 8.47 0.761 0.500
0.75359 -0.97 0.761 0.000
0.75390 5.32 0.762 0.500
0.75421 -2.22 0.762 0.000
0.75452 3.59 0.762 0.500
0.75483 13.29 0.763 0.500
0.75512 -0.77 0.763 0.000
0.75543 -2.47 0.763 0.000
0.75572 9.63 0.763 0.500
0.75603 14.30 0.764 0.500
0.75632 -1.31 0.764 0.000
0.75661 -2.56 0.764 0.000
0.75690 2.38 0.765 0.500
0.75719 -2.61 0.765 0.000
0.75748 0.67 0.765 0.500
0.75777 -1.59 0.766 0.391
0.75804 -2.90 0.766 0.000
0.75831 24.00 0.766 0.500
0.75858 -2.62 0.766 0.000
0.75993 -4.17 0.767 0.000
0.76013 -1.17 0.767 0.500
0.76036 4.39 0.767 0.500
0.76060 -5.41 0.768 0.000
0.76082 15.01 0.768 0.500
0.76103 -5.06 0.768 0.000
0.76125 9.95 0.769 0.500
0.76147 -3.98 0.769 0.203
0.76169 8.22 0.769 0.500
0.76189 4.89 0.769 0.500
0.76211 -4.39 0.769 0.000
0.76230 -0.59 0.769 0.500
0.76250 14.71 0.769 0.500
0.76272 -3.21 0.769 0.000
0.76292 12.19 0.769 0.500
0.76312 13.13 0.769 0.500
0.76332 0.53 0.769 0.434
0.76352 -2.21 0.769 0.000
0.76374 19.71 0.769 0.500
0.76394 -1.30 0.770 0.000
0.76416 -2.49 0.770 0.000
0.76436 1.18 0.770 0.500
0.76457 8.33 0.770 0.500
0.76477 20.35 0.770 0.500
0.76499 -1.05 0.771 0.000
0.76519 0.20 0.771 0.441
0.76541 4.80 0.771 0.500
0.76563 11.01 0.771 0.500
0.76583 -0.49 0.771 0.000
0.76604 9.52 0.772 0.500
0.76626 0.10 0.772 0.000
0.76648 -1.46 0.772 0.000
0.76670 22.95 0.772 0.500
0.76691 5.68 0.773 0.500
0.76713 -1.99 0.773 0.000
0.76735 24.00 0.773 0.500
0.76759 -2.05 0.774 0.000
0.76782 24.00 0.774 0.500
0.76911 -3.04 0.775 0.000
0.76935 -4.40 0.775 0.000
0.76962 17.64 0.776 0.500
0.76989 -4.02 0.777 0.000
0.77016 20.70 0.777 0.500
0.77042 -2.80 0.777 0.000
0.77071 -4.56 0.778 0.000
0.77096 -4.01 0.778 0.365
0.77123 6.30 0.779 0.500
0.77151 5.10 0.779 0.500
0.77176 -3.93 0.779 0.000
0.77201 14.26 0.779 0.500
0.77227 -3.86 0.779 0.000
0.77252 -5.14 0.780 0.000
0.77278 -3.00 0.780 0.490
0.77301 24.00 0.780 0.500
0.77325 -4.79 0.780 0.000
0.77350 8.33 0.780 0.500
0.77374 0.90 0.781 0.500
0.77397 -4.87 0.781 0.000
0.77421 -5.53 0.781 0.000
0.77443 -4.15 0.781 0.451
0.77466 24.00 0.781 0.500
0.77486 -4.23 0.781 0.000
0.77510 -4.47 0.782 0.000
0.77532 -4.89 0.782 0.000
0.77552 -5.15 0.782 0.116
0.77572 -0.08 0.782 0.500
0.77592 -4.98 0.782 0.000
0.77610 18.47 0.782 0.500
0.77628 -4.33 0.782 0.000
0.77648 1.52 0.782 0.500
0.77664 4.59 0.782 0.500
0.77682 12.90 0.782 0.500
0.77701 -4.96 0.783 0.000
0.77784 -0.01 0.783 0.500
0.77797 15.33 0.783 0.500
0.77811 -4.01 0.783 0.000
0.77826 -5.36 0.783 0.000
0.77840 -4.02 0.784 0.448
0.77853 -5.46 0.784 0.017
0.77866 24.00 0.784 0.500
0.77877 -3.98 0.784 0.000
0.77889 22.75 0.784 0.500
0.77902 -3.95 0.784 0.000
0.77915 24.00 0.784 0.500
0.77927 -2.85 0.784 0.000
0.77942 -3.74 0.784 0.000
0.77955 -0.89 0.785 0.500
0.77967 9.41 0.785 0.500
0.77982 -2.78 0.785 0.000
0.77996 -3.71 0.785 0.000
0.78009 23.90 0.785 0.500
0.78022 -1.93 0.785 0.000
0.78036 0.96 0.786 0.500
0.78049 2.79 0.786 0.500
0.78062 17.50 0.786 0.500
0.78076 -0.27 0.786 0.000
0.78091 -0.54 0.786 0.094
0.78105 -1.65 0.786 0.000
0.78118 19.62 0.786 0.500
0.78132 -0.62 0.786 0.000
0.78147 -1.91 0.786 0.000
0.78162 24.00 0.786 0.500
0.78176 -1.91 0.787 0.000
0.78191 18.42 0.787 0.500
0.78205 14.39 0.787 0.500
0.78221 -2.17 0.788 0.000
0.78240 22.39 0.788 0.500
0.78339 -0.98 0.788 0.000
0.78358 2.83 0.788 0.500
0.78381 -4.24 0.789 0.000
0.78403 24.00 0.790 0.500
0.78425 -2.75 0.790 0.000
0.78448 6.50 0.790 0.500
0.78470 -4.14 0.791 0.000
0.78494 8.83 0.791 0.500
0.78515 -4.47 0.792 0.000
0.78539 9.90 0.792 0.500
0.78561 -4.69 0.792 0.000
0.78583 -5.31 0.793 0.000
0.78604 4.71 0.793 0.500
0.78626 3.27 0.793 0.500
0.78646 -4.14 0.793 0.033
0.78666 16.58 0.793 0.500
0.78688 -4.04 0.793 0.000
0.78708 -4.45 0.793 0.000
0.78726 1.54 0.793 0.500
0.78746 12.33 0.793 0.500
0.78764 -5.26 0.794 0.000
0.78782 13.23 0.794 0.500
0.78800 -0.17 0.794 0.500
0.78820 -3.82 0.794 0.000
0.78837 -4.69 0.794 0.000
0.78855 -5.66 0.794 0.000
0.78873 11.88 0.794 0.500
0.78889 -5.63 0.794 0.000
0.78906 22.56 0.794 0.500
0.78922 -3.60 0.794 0.008
0.78938 -3.97 0.794 0.000
0.78955 -4.21 0.794 0.126
0.78969 -5.40 0.795 0.000
0.78985 6.13 0.795 0.500
0.79000 -4.92 0.795 0.000
0.79015 2.23 0.795 0.500
0.79082 -7.43 0.795 0.000
0.79091 9.60 0.796 0.500
0.79103 -7.15 0.796 0.000
0.79114 12.11 0.796 0.500
0.79125 -5.93 0.796 0.043
0.79138 10.61 0.796 0.500
0.79149 -5.34 0.796 0.000
0.79160 13.54 0.796 0.500
0.79171 -4.06 0.796 0.018
0.79181 -4.23 0.796 0.025
0.79192 -3.02 0.796 0.431
0.79201 -6.20 0.796 0.000
0.79211 7.91 0.796 0.500
0.79221 -5.62 0.796 0.000
0.79230 19.68 0.796 0.500
0.79240 -3.84 0.796 0.017
0.79249 -5.08 0.796 0.000
0.79256 -5.59 0.796 0.000
0.79265 -6.20 0.796 0.000
0.79272 4.21 0.797 0.500
0.79279 9.37 0.797 0.500
0.79287 -4.50 0.797 0.000
0.79294 -4.72 0.797 0.011
0.79299 2.48 0.797 0.500
0.79305 -4.37 0.797 0.071
0.79310 24.00 0.796 0.500
0.79316 -4.64 0.796 0.000
0.79323 15.70 0.796 0.500
0.79328 6.97 0.796 0.500
0.79334 -2.97 0.796 0.000
0.79341 3.09 0.796 0.500
0.79348 -2.77 0.796 0.000
0.79356 13.62 0.796 0.500
0.79361 -4.19 0.797 0.000
0.79368 14.70 0.797 0.500
0.79376 13.67 0.797 0.500
0.79425 -1.70 0.797 0.000
0.79436 -0.55 0.797 0.432
0.79448 -2.37 0.797 0.000
0.79461 3.47 0.797 0.500
0.79474 -2.87 0.797 0.000
0.79485 -4.10 0.798 0.000
0.79497 24.00 0.798 0.500
0.79508 -2.36 0.798 0.000
0.79521 -2.31 0.798 0.264
0.79534 -3.87 0.799 0.000
0.79544 -4.38 0.799 0.000
0.79557 24.00 0.799 0.500
0.79568 -3.43 0.799 0.000
0.79579 -4.16 0.799 0.000
0.79590 -5.17 0.800 0.000
0.79601 24.00 0.800 0.500
0.79612 0.64 0.800 0.500
0.79624 -2.75 0.800 0.000
0.79635 -3.92 0.800 0.000
0.79646 -5.14 0.800 0.000
0.79655 -5.36 0.801 0.000
0.79666 9.06 0.801 0.500
0.79675 11.61 0.801 0.500
0.79686 -4.47 0.801 0.000
0.79695 -5.24 0.801 0.000
0.79704 -0.15 0.801 0.500
0.79713 16.02 0.801 0.500
0.79722 -4.13 0.801 0.000
0.79731 16.46 0.801 0.500
0.79739 -5.09 0.801 0.000
0.79750 24.00 0.801 0.500
0.79759 -5.22 0.801 0.000
0.79768 3.67 0.801 0.500
0.79777 7.69 0.801 0.500
0.79833 -5.20 0.802 0.000
0.79844 -6.56 0.802 0.000
0.79855 24.00 0.802 0.500
0.79866 -4.57 0.802 0.000
0.79878 -6.35 0.803 0.000
0.79889 10.79 0.803 0.500
0.79900 3.09 0.803 0.500
0.79913 -6.15 0.803 0.000
0.79924 19.33 0.803 0.500
0.79935 -4.42 0.803 0.065
0.79947 -5.99 0.803 0.000
0.79958 -6.99 0.803 0.000
0.79969 16.53 0.803 0.500
0.79980 -6.53 0.804 0.000
0.79991 7.58 0.804 0.500
0.80000 -6.06 0.804 0.000
0.80011 -7.53 0.804 0.000
0.80020 19.95 0.804 0.500
0.80031 -7.48 0.804 0.000
0.80040 1.23 0.804 0.500
0.80049 -7.62 0.805 0.000
0.80058 24.00 0.804 0.500
0.80067 -7.54 0.804 0.000
0.80076 -2.40 0.805 0.500
0.80085 17.33 0.804 0.500
0.80093 -7.79 0.805 0.000
0.80102 24.00 0.804 0.500
0.80111 -6.33 0.804 0.000
0.80122 -7.88 0.805 0.000
0.80131 23.31 0.805 0.500
0.80140 -7.22 0.805 0.000
0.80151 -1.63 0.805 0.500
0.80160 -7.43 0.805 0.000
0.80169 -8.33 0.805 0.000
0.80205 -9.08 0.806 0.000
0.80209 9.46 0.806 0.500
0.80211 3.99 0.806 0.500
0.80214 3.62 0.806 0.500
0.80216 -9.03 0.806 0.000
0.80218 -3.52 0.806 0.500
0.80220 -8.51 0.806 0.288
0.80221 -3.74 0.806 0.500
0.80221 -8.49 0.806 0.023
0.80221 -8.66 0.806 0.099
0.80221 17.26 0.806 0.500
0.80220 -7.54 0.805 0.000
0.80218 9.89 0.805 0.500
0.80216 -5.96 0.805 0.320
0.80216 -7.77 0.805 0.000
0.80214 -8.04 0.805 0.000
0.80212 22.90 0.805 0.500
0.80212 -7.64 0.805 0.000
0.80211 24.00 0.804 0.500
0.80211 -5.90 0.804 0.000
0.80211 -6.57 0.804 0.000
0.80211 13.39 0.804 0.500
0.80212 -7.45 0.804 0.000
0.80212 -7.27 0.804 0.300
0.80212 24.00 0.804 0.500
0.80212 -6.25 0.804 0.000
0.80214 -2.70 0.804 0.500
0.80214 -6.31 0.804 0.000
0.80214 -6.82 0.804 0.000
0.80214 14.87 0.804 0.500
0.80214 -5.14 0.804 0.252
0.80212 -6.69 0.804 0.000
0.80212 6.08 0.804 0.500
0.80212 -5.96 0.804 0.041
0.80212 -5.81 0.804 0.259
0.80207 17.50 0.804 0.500
0.80205 2.48 0.804 0.500
0.80203 -6.26 0.804 0.000
0.80201 8.30 0.804 0.500
0.80200 -5.93 0.804 0.000
0.80200 -4.73 0.804 0.438
0.80198 19.91 0.804 0.500
0.80198 -4.25 0.804 0.000
0.80196 -4.48 0.804 0.023
0.80196 8.17 0.803 0.500
0.80196 -4.80 0.804 0.000
0.80196 -5.42 0.804 0.000
0.80196 -4.80 0.804 0.377
0.80196 13.75 0.804 0.500
0.80196 -4.83 0.804 0.000
0.80196 19.03 0.803 0.500
0.80196 -3.93 0.803 0.000
0.80196 -6.08 0.804 0.000
0.80198 24.00 0.804 0.500
0.80198 -5.41 0.804 0.000
0.80200 12.93 0.804 0.500
0.80201 -4.59 0.804 0.000
0.80203 -4.87 0.804 0.000
0.80205 -5.77 0.804 0.000
0.80207 11.53 0.804 0.500
0.80209 12.12 0.804 0.500
0.80211 -3.03 0.804 0.265
0.80212 -5.86 0.804 0.000
0.80214 10.60 0.804 0.500
0.80216 -4.83 0.804 0.102
0.80220 6.98 0.804 0.500
0.80221 -1.65 0.804 0.487
0.80223 -6.61 0.804 0.000
0.80225 16.84 0.804 0.500
0.80241 -5.06 0.804 0.094
0.80247 -6.45 0.805 0.000
0.80254 -6.70 0.805 0.048
0.80261 -4.58 0.805 0.485
0.80267 12.29 0.805 0.500
0.80272 -5.36 0.805 0.000
0.80278 -4.23 0.805 0.431
0.80283 -2.76 0.805 0.499
0.80289 -1.20 0.804 0.500
0.80294 -7.82 0.805 0.000
0.80298 -8.05 0.805 0.000
0.80301 24.00 0.805 0.500
0.80305 -6.95 0.805 0.000
0.80309 -7.97 0.805 0.000
0.80312 2.99 0.805 0.500
0.80314 -7.67 0.805 0.000
0.80318 13.09 0.805 0.500
0.80319 -7.30 0.805 0.000
0.80321 -7.55 0.805 0.000
0.80323 -7.74 0.805 0.001
0.80325 -5.36 0.805 0.497
0.80325 -6.18 0.805 0.452
0.80327 17.25 0.804 0.500
0.80327 -8.26 0.805 0.000
0.80327 0.82 0.804 0.500
0.80327 -8.03 0.804 0.000
0.80325 13.41 0.804 0.500
0.80325 -8.47 0.804 0.000
0.80325 16.26 0.804 0.500
0.80325 -7.60 0.804 0.000
0.80327 17.72 0.804 0.500
0.80327 -8.02 0.804 0.000
0.80327 -3.35 0.804 0.500
0.80328 -8.28 0.804 0.000
0.80325 2.39 0.804 0.500
0.80323 -7.72 0.804 0.151
0.80321 10.33 0.804 0.500
0.80319 -4.66 0.804 0.463
0.80316 -6.48 0.804 0.000
0.80314 1.76 0.803 0.500
0.80310 -4.31 0.803 0.462
0.80309 -6.93 0.803 0.000
0.80305 12.70 0.803 0.500
0.80301 -6.68 0.803 0.000
0.80299 0.22 0.803 0.500
0.80296 8.05 0.803 0.500
0.80294 -6.79 0.803 0.000
0.80290 6.00 0.803 0.500
0.80289 -6.52 0.803 0.000
0.80287 -7.37 0.803 0.000
0.80285 -5.95 0.803 0.455
0.80283 14.26 0.803 0.500
0.80281 -6.62 0.803 0.000
0.80279 -1.43 0.803 0.500
0.80278 13.10 0.803 0.500
0.80276 -6.03 0.803 0.000
0.80276 -7.11 0.803 0.000
0.80274 6.32 0.803 0.500
0.80274 8.39 0.803 0.500
0.80274 -1.87 0.803 0.500
0.80274 -7.02 0.803 0.000
0.80274 6.97 0.803 0.500
0.80274 1.28 0.803 0.500
0.80274 -5.65 0.803 0.000
0.80276 -6.75 0.803 0.000
0.80276 11.49 0.803 0.500
0.80276 -6.13 0.803 0.000
0.80276 -5.59 0.803 0.364
0.80276 -6.71 0.803 0.000
0.80276 -7.06 0.803 0.000
0.80267 24.00 0.803 0.500
0.80265 -4.69 0.803 0.000
0.80263 -7.41 0.803 0.000
0.80261 24.00 0.803 0.500
0.80258 -6.98 0.803 0.000
0.80258 -0.45 0.803 0.500
0.80256 14.17 0.803 0.500
0.80256 -5.82 0.803 0.000
0.80256 -7.12 0.803 0.000
0.80256 24.00 0.803 0.500
0.80256 -5.14 0.803 0.000
0.80258 -2.78 0.803 0.496
0.80258 -6.67 0.803 0.000
0.80260 21.73 0.803 0.500
0.80260 -7.19 0.803 0.000
0.80261 12.94 0.803 0.500
0.80263 12.27 0.803 0.500
0.80265 -5.61 0.803 0.000
0.80267 -5.72 0.803 0.208
0.80270 -5.88 0.804 0.121
0.80272 -7.49 0.804 0.000
0.80274 -6.06 0.804 0.455
0.80276 5.18 0.804 0.500
0.80276 -3.11 0.804 0.500
0.80278 0.35 0.804 0.500
0.80278 -4.53 0.804 0.433
0.80278 4.78 0.804 0.500
0.80278 -5.18 0.804 0.000
0.80278 -6.39 0.804 0.000
0.80276 -6.95 0.804 0.000
0.80276 -7.15 0.804 0.011
0.80274 -7.59 0.804 0.000
0.80274 24.00 0.804 0.500
0.80272 -5.77 0.804 0.000
0.80265 12.55 0.803 0.500
0.80263 -3.64 0.803 0.385
0.80261 -6.06 0.803 0.000
0.80260 -6.04 0.803 0.258
0.80258 18.22 0.803 0.500
0.80256 -6.86 0.803 0.000
0.80256 11.22 0.803 0.500
0.80254 -4.89 0.803 0.372
0.80254 -5.62 0.803 0.007
0.80254 -4.71 0.803 0.408
0.80252 10.53 0.803 0.500
0.80252 -5.27 0.803 0.000
0.80252 -5.74 0.803 0.000
0.80252 -6.17 0.803 0.000
0.80252 -2.45 0.803 0.500
0.80252 5.09 0.803 0.500
0.80252 -6.42 0.803 0.000
0.80250 7.30 0.803 0.500
0.80250 12.85 0.803 0.500
0.80250 -4.66 0.803 0.000
0.80250 -5.44 0.803 0.000
0.80250 8.23 0.803 0.500
0.80250 -2.65 0.802 0.472
0.80252 -4.47 0.802 0.000
0.80252 -4.92 0.802 0.000
0.80252 -0.31 0.802 0.500
0.80250 -4.81 0.802 0.059
0.80250 -6.11 0.803 0.000
0.80250 -6.35 0.803 0.000
0.80249 -6.81 0.803 0.000
0.80249 5.39 0.803 0.500
0.80247 -2.69 0.803 0.500
0.80245 -6.42 0.803 0.000
0.80243 20.86 0.803 0.500
0.80243 -4.26 0.802 0.260
0.80240 2.38 0.802 0.500
0.80238 -4.78 0.802 0.000
0.80238 -6.53 0.802 0.000
0.80238 18.23 0.802 0.500
0.80236 -5.85 0.802 0.000
0.80236 -6.52 0.802 0.000
0.80236 6.97 0.802 0.500
0.80236 -5.99 0.802 0.000
0.80238 20.95 0.802 0.500
0.80238 -6.57 0.802 0.000
0.80238 -0.07 0.803 0.500
0.80240 12.97 0.802 0.500
0.80240 -6.83 0.803 0.000
0.80241 -7.02 0.803 0.004
0.80243 2.56 0.803 0.500
0.80243 19.41 0.803 0.500
0.80245 -3.42 0.803 0.405
0.80245 -4.46 0.803 0.058
0.80247 -7.13 0.803 0.000
0.80249 19.10 0.803 0.500
0.80250 -6.81 0.803 0.000
0.80252 24.00 0.803 0.500
0.80254 -5.58 0.803 0.000
0.80256 7.25 0.803 0.500
0.80260 -7.27 0.803 0.000
0.80261 24.00 0.803 0.500
0.80265 -4.66 0.803 0.161
0.80269 -5.83 0.803 0.000
0.80272 -5.83 0.803 0.249
0.80276 -2.57 0.803 0.500
0.80279 -2.12 0.804 0.500
0.80283 -7.16 0.804 0.000
0.80285 24.00 0.804 0.500
0.80289 -6.06 0.804 0.000
0.80299 -7.33 0.804 0.000
0.80299 4.84 0.804 0.500
0.80301 -7.34 0.804 0.000
0.80301 10.33 0.804 0.500
0.80301 -0.02 0.804 0.500
0.80301 -6.79 0.804 0.000
0.80299 12.51 0.804 0.500
0.80299 -5.86 0.804 0.000
0.80299 4.63 0.804 0.500
0.80299 -6.07 0.804 0.000
0.80299 -7.22 0.804 0.000
0.80299 15.79 0.804 0.500
0.80299 -7.15 0.804 0.000
0.80299 -7.38 0.804 0.029
0.80299 5.17 0.804 0.500
0.80299 -7.56 0.804 0.000
0.80299 8.72 0.804 0.500
0.80299 -1.92 0.804 0.500
0.80299 -7.53 0.804 0.000
0.80299 23.12 0.804 0.500
0.80299 -7.42 0.804 0.000
0.80301 10.26 0.804 0.500
0.80301 -7.47 0.804 0.000
0.80301 -0.19 0.804 0.500
0.80303 7.51 0.804 0.500
0.80303 -8.22 0.804 0.000
0.80305 24.00 0.804 0.500
0.80305 -5.08 0.804 0.290
0.80305 -5.43 0.804 0.141
0.80307 -7.31 0.804 0.000
0.80309 5.15 0.804 0.500
0.80309 -5.54 0.804 0.403
0.80309 -7.18 0.804 0.000
0.80309 12.41 0.804 0.500
0.80307 -5.02 0.804 0.383
0.80305 -6.17 0.804 0.000
0.80303 -7.61 0.804 0.000
0.80301 14.80 0.804 0.500
0.80299 -6.17 0.804 0.045
0.80298 7.07 0.804 0.500
0.80296 -7.63 0.804 0.000
0.80296 24.00 0.804 0.500
0.80294 -4.74 0.804 0.354
0.80294 -6.74 0.804 0.000
0.80294 4.68 0.804 0.500
0.80294 -7.61 0.804 0.000
0.80294 18.02 0.804 0.500
0.80294 -2.70 0.804 0.500
0.80296 -7.89 0.804 0.000
0.80296 -7.76 0.804 0.286
0.80296 4.04 0.804 0.500
0.80296 1.30 0.804 0.500
0.80296 4.93 0.804 0.500
0.80296 -6.74 0.804 0.000
0.80296 -6.99 0.804 0.043
0.80296 9.20 0.804 0.500
0.80296 -5.84 0.804 0.009
0.80294 -6.79 0.804 0.000
0.80294 13.53 0.804 0.500
0.80294 -5.82 0.804 0.000
0.80294 -6.06 0.804 0.000
0.80294 -6.90 0.804 0.000
0.80294 -8.06 0.804 0.000
0.80294 11.86 0.804 0.500
0.80292 -7.87 0.804 0.000
0.80292 24.00 0.804 0.500
0.80292 -6.93 0.804 0.000
0.80292 2.74 0.804 0.500
0.80294 -7.20 0.804 0.000
0.80294 -7.93 0.804 0.000
0.80294 0.27 0.804 0.500
0.80294 -7.78 0.804 0.000
0.80294 -8.02 0.804 0.000
0.80292 0.43 0.804 0.500
0.80292 2.04 0.804 0.500
0.80292 1.27 0.804 0.500
0.80290 -7.36 0.804 0.000
0.80290 13.93 0.803 0.500
0.80289 -7.17 0.803 0.000
0.80289 17.56 0.803 0.500
0.80289 -0.61 0.803 0.500
0.80289 -5.66 0.803 0.000
0.80290 -5.87 0.803 0.016
0.80290 -6.48 0.803 0.000
0.80290 -7.65 0.803 0.000
0.80290 3.75 0.803 0.500
0.80290 14.90 0.803 0.500
0.80290 -5.63 0.803 0.000
0.80290 -7.55 0.803 0.000
0.80290 14.60 0.803 0.500
0.80289 7.91 0.803 0.500
0.80289 -7.06 0.803 0.000
0.80290 8.02 0.803 0.500
0.80290 -1.90 0.803 0.500
0.80290 -6.41 0.803 0.000
0.80292 -6.93 0.803 0.000
0.80292 13.09 0.803 0.500
0.80292 -7.82 0.803 0.000
0.80292 24.00 0.803 0.500
0.80294 -5.79 0.803 0.000
0.80294 -6.00 0.803 0.000
0.80296 -6.88 0.803 0.000
0.80296 5.61 0.803 0.500
0.80296 -7.49 0.803 0.000
0.80296 16.61 0.803 0.500
0.80296 -7.97 0.803 0.000
0.80296 14.62 0.803 0.500
0.80307 -7.74 0.804 0.000
0.80312 -8.46 0.804 0.000
0.80316 6.17 0.804 0.500
0.80321 10.41 0.804 0.500
0.80327 -8.70 0.804 0.000
0.80332 22.79 0.804 0.500
0.80338 -8.68 0.804 0.000
0.80343 0.42 0.804 0.500
0.80348 15.88 0.804 0.500
0.80356 -8.19 0.804 0.000
0.80361 -9.30 0.805 0.000
0.80367 17.84 0.805 0.500
0.80372 -8.02 0.805 0.000
0.80377 -9.07 0.805 0.000
0.80383 -9.11 0.805 0.237
0.80387 -9.87 0.805 0.000
0.80392 -7.51 0.805 0.497
0.80394 23.69 0.805 0.500
0.80396 -7.75 0.805 0.000
0.80399 -7.94 0.805 0.001
0.80399 -8.65 0.805 0.000
0.80401 6.93 0.804 0.500
0.80403 -8.01 0.804 0.000
0.80403 -1.82 0.804 0.500
0.80403 -5.91 0.804 0.469
0.80403 -8.04 0.804 0.000
0.80401 -8.65 0.804 0.000
0.80399 6.38 0.804 0.500
0.80397 -7.93 0.804 0.000
0.80396 -9.42 0.804 0.000
0.80392 9.87 0.804 0.500
0.80390 -9.34 0.804 0.000
0.80387 24.00 0.803 0.500
0.80383 -7.33 0.803 0.000
0.80370 -9.28 0.803 0.000
0.80367 2.13 0.803 0.500
0.80363 5.51 0.803 0.500
0.80359 8.56 0.803 0.500
0.80354 -8.94 0.803 0.000
0.80350 7.48 0.803 0.500
0.80347 -8.49 0.803 0.000
0.80343 18.56 0.803 0.500
0.80341 -8.63 0.803 0.000
0.80338 -4.52 0.803 0.500
0.80336 -8.55 0.803 0.148
0.80332 -2.54 0.803 0.500
0.80330 -8.58 0.803 0.000
0.80327 9.74 0.803 0.500
0.80323 -6.87 0.803 0.340
0.80321 -7.40 0.803 0.003
0.80318 -8.45 0.803 0.000
0.80314 24.00 0.803 0.500
0.80312 -7.24 0.803 0.000
0.80309 2.00 0.803 0.500
0.80307 -7.85 0.803 0.000
0.80305 9.90 0.803 0.500
0.80303 -3.20 0.802 0.500
0.80301 -6.88 0.802 0.000
0.80299 14.01 0.802 0.500
0.80298 -6.38 0.802 0.000
0.80298 -6.35 0.802 0.259
0.80296 1.63 0.802 0.500
0.80296 -5.82 0.802 0.229
0.80296 0.52 0.802 0.500
0.80294 -8.08 0.802 0.000
0.80294 22.22 0.802 0.500
0.80294 -6.95 0.802 0.000
0.80294 14.56 0.802 0.500
0.80294 -3.11 0.802 0.492
0.80296 -5.85 0.802 0.000
0.80298 -6.70 0.802 0.000
0.80298 10.23 0.802 0.500
0.80298 -7.51 0.802 0.000
0.80296 -3.58 0.803 0.500
0.80296 15.43 0.803 0.500
0.80294 -6.53 0.803 0.000
0.80294 14.59 0.802 0.500
0.80294 -6.26 0.803 0.000
0.80294 0.52 0.803 0.500
0.80294 -7.39 0.803 0.000
0.80294 -7.91 0.803 0.000
0.80294 5.42 0.803 0.500
0.80294 13.05 0.803 0.500
0.80294 -0.79 0.803 0.500
0.80296 -5.27 0.803 0.000
0.80296 -7.59 0.803 0.000
0.80296 5.94 0.803 0.500
0.80296 1.94 0.803 0.500
0.80296 -8.15 0.803 0.000
0.80296 9.14 0.803 0.500
0.80296 -8.14 0.803 0.000
0.80296 20.33 0.803 0.500
0.80296 -7.31 0.803 0.000
0.80298 -0.10 0.803 0.500
0.80298 -7.17 0.803 0.000
0.80298 19.01 0.803 0.500
0.80299 -5.66 0.803 0.000
0.80299 -6.87 0.803 0.000
0.80301 7.40 0.803 0.500
0.80301 -6.27 0.803 0.000
0.80301 8.59 0.803 0.500
0.80303 -5.81 0.803 0.000
0.80303 -6.57 0.803 0.000
0.80303 -7.08 0.803 0.000
0.80305 -8.23 0.803 0.000
0.80305 1.56 0.803 0.500
0.80301 23.16 0.803 0.500
0.80301 -8.25 0.803 0.000
0.80301 23.65 0.803 0.500
0.80303 -8.01 0.803 0.000
0.80305 8.98 0.803 0.500
0.80307 -0.96 0.803 0.500
0.80310 -6.54 0.803 0.000
0.80312 -7.96 0.804 0.000
0.80316 -8.25 0.804 0.000
0.80318 18.81 0.804 0.500
0.80319 3.60 0.803 0.500
0.80321 -5.75 0.803 0.066
0.80323 -7.44 0.803 0.000
0.80325 -8.00 0.804 0.000
0.80327 13.24 0.804 0.500
0.80328 -8.54 0.804 0.000
0.80330 1.63 0.804 0.500
0.80332 17.07 0.804 0.500
0.80332 -7.08 0.804 0.000
0.80334 -7.35 0.804 0.000
0.80336 -8.08 0.804 0.000
0.80336 22.30 0.804 0.500
0.80338 -6.44 0.803 0.000
0.80338 -5.55 0.803 0.409
0.80338 -1.41 0.803 0.500
0.80338 -6.20 0.803 0.000
0.80338 -7.24 0.803 0.000
0.80338 -7.70 0.803 0.000
0.80336 3.18 0.803 0.500
0.80334 -7.97 0.803 0.000
0.80332 15.12 0.803 0.500
0.80332 -7.12 0.803 0.000
0.80330 -8.68 0.803 0.000
0.80328 24.00 0.803 0.500
0.80328 -5.76 0.803 0.280
0.80327 -7.15 0.803 0.000
0.80325 6.65 0.803 0.500
0.80325 -8.61 0.803 0.000
0.80323 -1.21 0.803 0.500
0.80323 12.69 0.803 0.500
0.80321 -7.14 0.803 0.000
0.80321 3.73 0.803 0.500
0.80321 -8.48 0.803 0.000
0.80321 9.69 0.803 0.500
0.80319 4.95 0.803 0.500
0.80319 -6.77 0.803 0.000
0.80319 -8.33 0.803 0.000
0.80321 -8.52 0.804 0.009
0.80321 22.18 0.803 0.500
0.80321 -6.10 0.803 0.284
0.80321 -2.00 0.803 0.500
0.80321 -5.81 0.803 0.271
0.80321 -7.50 0.803 0.000
0.80321 -8.63 0.803 0.000
0.80321 15.03 0.803 0.500
0.80321 -7.63 0.803 0.000
0.80321 -8.42 0.803 0.000
0.80319 1.73 0.803 0.500
0.80319 19.77 0.803 0.500
0.80319 -7.05 0.803 0.000
0.80319 -8.22 0.803 0.000
0.80319 20.23 0.803 0.500
0.80319 -6.65 0.803 0.000
0.80321 -8.57 0.803 0.000
0.80321 -6.69 0.803 0.481
0.80321 -8.63 0.804 0.000
0.80321 7.40 0.803 0.500
0.80321 -8.15 0.803 0.000
0.80319 -8.41 0.804 0.000
0.80319 22.55 0.803 0.500
0.80330 -6.55 0.803 0.000
0.80334 -7.47 0.803 0.000
0.80339 0.75 0.803 0.500
0.80345 -9.09 0.803 0.000
0.80350 24.00 0.803 0.500
0.80356 -6.87 0.803 0.000
0.80361 -7.98 0.803 0.000
0.80365 -9.12 0.803 0.000
0.80370 9.61 0.803 0.500
0.80374 -8.90 0.803 0.000
0.80379 -9.31 0.804 0.000
0.80381 20.33 0.803 0.500
0.80385 -7.62 0.803 0.000
0.80388 -8.77 0.803 0.000
0.80390 9.48 0.803 0.500
0.80392 -8.70 0.803 0.000
0.80394 12.33 0.803 0.500
0.80396 -9.86 0.803 0.000
0.80397 24.00 0.803 0.500
0.80397 -7.45 0.803 0.065
0.80401 -9.27 0.803 0.000
0.80401 -10.11 0.804 0.000
0.80403 24.00 0.803 0.500
0.80403 -8.88 0.804 0.000
0.80403 -0.39 0.804 0.500
0.80405 -9.69 0.804 0.000
0.80405 -9.65 0.804 0.264
0.80405 -2.54 0.804 0.500
0.80403 16.25 0.804 0.500
0.80403 -9.42 0.804 0.000
0.80401 19.77 0.804 0.500
0.80401 -8.40 0.804 0.000
0.80401 -2.84 0.804 0.500
0.80401 -10.14 0.804 0.000
0.80392 6.32 0.804 0.500
0.80390 18.69 0.804 0.500
0.80387 -9.12 0.804 0.000
0.80383 12.55 0.804 0.500
0.80381 -4.66 0.804 0.500
0.80377 -8.70 0.804 0.000
0.80376 12.87 0.803 0.500
0.80374 -7.70 0.803 0.000
0.80372 -9.11 0.804 0.000
0.80370 5.39 0.804 0.500
0.80367 -8.61 0.804 0.000
0.80365 -8.87 0.804 0.097
0.80363 0.58 0.804 0.500
0.80361 3.23 0.804 0.500
0.80358 3.55 0.803 0.500
0.80356 -9.05 0.804 0.000
0.80352 17.22 0.803 0.500
0.80350 -7.65 0.803 0.000
0.80348 -8.74 0.803 0.000
0.80347 21.62 0.803 0.500
0.80345 -6.76 0.803 0.000
0.80343 -7.69 0.803 0.000
0.80341 15.45 0.803 0.500
0.80341 -7.29 0.803 0.000
0.80339 -8.41 0.803 0.000
0.80339 1.96 0.803 0.500
0.80339 14.81 0.803 0.500
0.80338 -6.78 0.803 0.000
0.80338 -7.07 0.803 0.000
0.80338 -8.17 0.803 0.000
0.80338 -5.49 0.803 0.500
0.80338 20.47 0.803 0.500
0.80336 -8.39 0.803 0.000
0.80336 13.00 0.803 0.500
0.80343 -8.58 0.803 0.000
0.80347 20.53 0.803 0.500
0.80352 -8.45 0.803 0.000
0.80358 -8.69 0.804 0.046
0.80363 6.24 0.804 0.500
0.80368 -8.33 0.804 0.000
0.80374 3.04 0.804 0.500
0.80377 -8.92 0.804 0.000
0.80383 -9.57 0.804 0.000
0.80387 24.00 0.804 0.500
0.80390 -8.54 0.804 0.000
0.80394 1.61 0.804 0.500
0.80396 -9.69 0.804 0.000
0.80399 2.02 0.804 0.500
0.80401 -6.23 0.804 0.500
0.80403 -8.96 0.804 0.000
0.80405 -9.86 0.804 0.000
0.80405 4.31 0.804 0.500
0.80405 2.24 0.804 0.500
0.80405 -8.47 0.804 0.000
0.80403 -9.13 0.804 0.000
0.80403 -9.61 0.804 0.000
0.80401 -9.48 0.804 0.289
0.80397 24.00 0.804 0.500
0.80396 -7.50 0.803 0.000
0.80394 -8.98 0.803 0.000
0.80390 5.41 0.803 0.500
0.80388 -6.78 0.803 0.436
0.80385 3.36 0.803 0.500
0.80383 -8.13 0.803 0.000
0.80379 -9.10 0.803 0.000
0.80377 -5.69 0.803 0.500
0.80374 17.48 0.803 0.500
0.80370 -1.28 0.802 0.500
0.80367 -8.86 0.802 0.000
0.80365 8.33 0.802 0.500
0.80361 2.58 0.802 0.500
0.80352 -7.61 0.802 0.000
0.80350 -4.86 0.802 0.500
0.80350 -7.78 0.802 0.000
0.80348 3.69 0.802 0.500
0.80348 3.52 0.802 0.500
0.80347 -8.03 0.802 0.000
0.80347 14.31 0.802 0.500
0.80345 -7.93 0.802 0.000
0.80345 -8.61 0.802 0.000
0.80343 -2.71 0.802 0.500
0.80343 19.31 0.802 0.500
0.80343 -6.97 0.802 0.000
0.80343 -7.40 0.802 0.000
0.80341 -8.09 0.802 0.000
0.80341 14.26 0.802 0.500
0.80341 -8.71 0.802 0.000
0.80341 18.98 0.802 0.500
0.80341 -8.31 0.802 0.000
0.80343 14.12 0.802 0.500
0.80343 -6.89 0.802 0.136
0.80343 -0.05 0.802 0.500
0.80345 -6.71 0.802 0.000
0.80345 -7.26 0.802 0.000
0.80347 -9.03 0.802 0.000
0.80347 -9.26 0.803 0.041
0.80347 15.14 0.803 0.500
0.80345 -7.85 0.803 0.000
0.80345 -4.43 0.803 0.500
0.80343 -8.07 0.803 0.000
0.80341 -0.17 0.803 0.500
0.80341 -4.10 0.803 0.500
0.80339 -2.55 0.802 0.500
0.80338 -8.83 0.803 0.000
0.80334 13.64 0.802 0.500
0.80332 -7.29 0.802 0.214
0.80336 -8.52 0.802 0.000
0.80338 12.03 0.802 0.500
0.80341 4.39 0.802 0.500
0.80343 -7.39 0.802 0.000
0.80347 5.59 0.802 0.500
0.80350 -8.99 0.802 0.000
0.80352 20.03 0.802 0.500
0.80356 -0.05 0.802 0.500
0.80359 -8.60 0.802 0.000
0.80361 13.70 0.802 0.500
0.80365 -6.15 0.802 0.401
0.80368 -7.15 0.802 0.071
0.80370 -8.66 0.802 0.000
0.80374 14.94 0.802 0.500
0.80376 -8.02 0.802 0.000
0.80377 -8.22 0.802 0.010
0.80379 5.83 0.802 0.500
0.80381 -7.83 0.803 0.000
0.80381 -8.85 0.803 0.000
0.80381 -9.11 0.803 0.085
0.80379 1.94 0.803 0.500
0.80379 9.82 0.803 0.500
0.80379 -8.37 0.803 0.000
0.80377 9.31 0.803 0.500
0.80376 -8.20 0.803 0.000
0.80376 -8.39 0.803 0.006
0.80376 -8.60 0.803 0.038
0.80374 -9.43 0.803 0.000
0.80372 -9.68 0.803 0.061
0.80370 19.31 0.803 0.500
0.80367 -7.69 0.802 0.000
0.80365 -1.12 0.802 0.500
0.80361 -9.05 0.802 0.000
0.80359 -8.47 0.802 0.370
0.80339 23.05 0.802 0.500
0.80334 -7.74 0.802 0.000
0.80328 -8.21 0.802 0.000
0.80323 3.82 0.802 0.500
0.80319 4.75 0.802 0.500
0.80314 -7.32 0.802 0.000
0.80309 -5.94 0.801 0.452
0.80305 -7.83 0.802 0.000
0.80299 -1.12 0.801 0.500
0.80296 -7.20 0.801 0.291
0.80290 3.72 0.801 0.500
0.80285 10.72 0.801 0.500
0.80279 -7.29 0.801 0.000
0.80276 4.00 0.801 0.500
0.80272 -7.30 0.801 0.000
0.80269 13.86 0.801 0.500
0.80265 -6.22 0.801 0.000
0.80261 0.42 0.801 0.500
0.80258 -6.66 0.801 0.000
0.80256 6.20 0.801 0.500
0.80252 -6.43 0.801 0.000
0.80250 16.78 0.801 0.500
0.80249 -5.31 0.801 0.000
0.80247 -6.40 0.801 0.000
0.80245 11.28 0.801 0.500
0.80243 -6.36 0.801 0.000
0.80243 -6.57 0.801 0.013
0.80243 -4.23 0.801 0.495
0.80243 13.83 0.801 0.500
0.80243 -5.60 0.801 0.000
0.80243 11.55 0.801 0.500
0.80243 -5.24 0.801 0.000
0.80245 -5.20 0.801 0.263
0.80245 -6.93 0.801 0.000
0.80245 24.00 0.801 0.500
0.80260 -5.78 0.801 0.000
0.80265 -5.98 0.801 0.002
0.80272 10.82 0.801 0.500
0.80278 -5.17 0.801 0.000
0.80285 -7.58 0.802 0.000
0.80290 13.43 0.802 0.500
0.80298 -6.57 0.802 0.000
0.80305 8.32 0.802 0.500
0.80310 -7.05 0.802 0.000
0.80318 -3.72 0.802 0.500
0.80323 -7.13 0.802 0.000
0.80328 6.47 0.802 0.500
0.80334 -7.26 0.803 0.000
0.80339 -3.03 0.803 0.500
0.80345 -8.98 0.803 0.000
0.80348 12.76 0.803 0.500
0.80352 -8.59 0.803 0.000
0.80356 -8.80 0.803 0.000
0.80358 -2.26 0.803 0.500
0.80359 11.45 0.803 0.500
0.80363 -9.00 0.803 0.000
0.80363 16.69 0.803 0.500
0.80365 -8.93 0.803 0.000
0.80367 3.60 0.803 0.500
0.80368 -9.00 0.803 0.000
0.80368 -1.36 0.803 0.500
0.80370 -8.73 0.803 0.000
0.80370 6.79 0.803 0.500
0.80370 -8.49 0.803 0.000
0.80370 -9.43 0.803 0.000
0.80368 24.00 0.803 0.500
0.80368 -7.23 0.803 0.000
0.80368 1.27 0.803 0.500
0.80368 -7.33 0.802 0.000
0.80368 -9.51 0.803 0.000
0.80359 24.00 0.802 0.500
0.80358 -6.69 0.802 0.241
0.80354 -7.26 0.802 0.000
0.80350 -9.17 0.803 0.000
0.80348 8.02 0.803 0.500
0.80345 -8.86 0.803 0.000
0.80341 24.00 0.803 0.500
0.80338 -8.55 0.803 0.000
0.80336 -2.18 0.803 0.500
0.80332 -8.49 0.803 0.000
0.80330 20.17 0.803 0.500
0.80328 -2.84 0.803 0.500
0.80327 -2.05 0.802 0.500
0.80325 -6.82 0.802 0.000
0.80325 -7.20 0.802 0.000
0.80323 7.96 0.802 0.500
0.80323 -7.02 0.802 0.000
0.80321 -0.56 0.802 0.500
0.80321 -8.40 0.803 0.000
0.80321 1.68 0.803 0.500
0.80319 -7.97 0.803 0.000
0.80319 -8.22 0.803 0.066
0.80318 -8.25 0.803 0.007
0.80316 -8.41 0.803 0.000
0.80314 22.69 0.803 0.500
0.80312 -6.90 0.803 0.000
0.80310 -0.21 0.803 0.500
0.80309 -7.19 0.802 0.000
0.80307 -7.87 0.803 0.000
0.80305 17.84 0.802 0.500
0.80303 -6.84 0.802 0.000
0.80301 -7.80 0.802 0.000
0.80299 4.83 0.802 0.500
0.80299 -7.75 0.802 0.000
0.80290 -1.53 0.802 0.500
0.80289 -2.83 0.802 0.500
0.80285 19.92 0.802 0.500
0.80281 -7.85 0.802 0.000
0.80279 5.64 0.802 0.500
0.80278 9.03 0.802 0.500
0.80276 -5.89 0.802 0.051
0.80274 -6.77 0.802 0.000
0.80274 7.81 0.802 0.500
0.80272 -7.09 0.802 0.000
0.80272 7.02 0.802 0.500
0.80272 -0.26 0.802 0.500
0.80272 -6.68 0.802 0.000
0.80272 2.73 0.802 0.500
0.80272 8.94 0.802 0.500
0.80272 -6.44 0.802 0.000
0.80274 -6.21 0.802 0.312
0.80274 8.86 0.802 0.500
0.80274 4.34 0.802 0.500
0.80274 -4.79 0.802 0.000
0.80276 -5.95 0.802 0.000
0.80276 -3.72 0.802 0.493
0.80276 1.84 0.802 0.500
0.80276 -6.69 0.802 0.000
0.80276 0.25 0.802 0.500
0.80276 -1.88 0.802 0.500
0.80276 -6.04 0.802 0.007
0.80274 -6.37 0.802 0.000
0.80274 -7.21 0.802 0.000
0.80272 10.57 0.802 0.500
0.80272 -6.54 0.802 0.000
0.80270 -1.40 0.802 0.500
0.80270 -7.03 0.802 0.000
0.80269 -3.46 0.802 0.500
0.80269 18.93 0.802 0.500
0.80267 -6.21 0.802 0.000
0.80267 9.97 0.802 0.500
0.80274 -7.07 0.802 0.000
0.80278 -7.67 0.802 0.000
0.80281 7.58 0.802 0.500
0.80285 12.88 0.802 0.500
0.80289 -6.12 0.802 0.000
0.80292 -6.04 0.802 0.276
0.80298 -6.27 0.802 0.185
0.80301 -8.20 0.802 0.000
0.80305 0.82 0.802 0.500
0.80307 -8.30 0.803 0.000
0.80310 21.47 0.802 0.500
0.80312 -6.56 0.802 0.000
0.80314 -3.06 0.802 0.500
0.80316 -8.47 0.803 0.000
0.80318 -6.00 0.803 0.498
0.80319 24.00 0.802 0.500
0.80321 -8.38 0.803 0.000
0.80321 7.61 0.803 0.500
0.80323 -8.23 0.803 0.000
0.80325 16.89 0.803 0.500
0.80327 -7.59 0.803 0.000
0.80328 1.10 0.803 0.500
0.80330 -8.48 0.803 0.000
0.80330 8.14 0.803 0.500
0.80332 -7.36 0.803 0.216
0.80334 2.80 0.803 0.500
0.80334 -5.53 0.803 0.419
0.80336 -8.37 0.803 0.000
0.80336 -8.73 0.803 0.000
0.80336 24.00 0.803 0.500
0.80336 -7.49 0.803 0.000
0.80338 -8.96 0.803 0.000
0.80338 12.95 0.803 0.500
0.80338 -1.14 0.803 0.500
0.80338 4.92 0.803 0.500
0.80339 -7.11 0.803 0.000
0.80338 0.50 0.803 0.500
0.80336 -7.14 0.803 0.000
0.80336 8.27 0.802 0.500
0.80334 -8.54 0.803 0.000
0.80332 4.58 0.803 0.500
0.80330 -8.74 0.803 0.000
0.80328 24.00 0.803 0.500
0.80327 -7.99 0.803 0.000
0.80327 23.20 0.803 0.500
0.80327 -8.31 0.803 0.000
0.80328 3.12 0.803 0.500
0.80328 14.95 0.803 0.500
0.80330 -6.73 0.803 0.000
0.80332 -8.85 0.803 0.000
0.80334 23.63 0.803 0.500
0.80336 -5.54 0.803 0.412
0.80338 -8.44 0.803 0.000
0.80339 3.67 0.804 0.500
0.80343 -3.41 0.804 0.500
0.80345 -7.89 0.804 0.000
0.80347 -8.66 0.804 0.000
0.80347 -2.80 0.804 0.500
0.80348 19.40 0.804 0.500
0.80348 -6.89 0.804 0.000
0.80348 -6.92 0.804 0.240
0.80348 -7.16 0.804 0.092
0.80348 3.47 0.803 0.500
0.80348 -6.65 0.803 0.000
0.80347 -8.43 0.803 0.000
0.80347 16.04 0.803 0.500
0.80345 -6.79 0.803 0.179
0.80343 -8.69 0.803 0.000
0.80343 7.33 0.803 0.500
0.80341 -8.67 0.804 0.000
0.80341 18.27 0.803 0.500
0.80348 -8.46 0.804 0.000
0.80352 -8.97 0.804 0.000
0.80358 23.30 0.803 0.500
0.80363 -7.43 0.803 0.000
0.80368 -8.24 0.803 0.000
0.80374 4.85 0.803 0.500
0.80379 -7.54 0.803 0.093
0.80385 -9.68 0.804 0.000
0.80390 -9.88 0.804 0.017
0.80394 6.62 0.804 0.500
0.80396 7.65 0.804 0.500
0.80399 -8.44 0.804 0.000
0.80401 -8.70 0.804 0.086
0.80405 -4.65 0.804 0.500
0.80405 -9.85 0.804 0.000
0.80407 20.17 0.804 0.500
0.80407 -9.88 0.804 0.000
0.80407 9.14 0.804 0.500
0.80407 -9.99 0.804 0.000
0.80407 1.10 0.804 0.500
0.80407 3.33 0.804 0.500
0.80407 -9.76 0.804 0.000
0.80407 -8.80 0.804 0.417
0.80405 16.90 0.804 0.500
0.80405 -10.05 0.804 0.000
0.80403 -0.07 0.804 0.500
0.80403 -9.64 0.804 0.000
0.80401 -6.23 0.804 0.500
0.80401 -9.63 0.804 0.139
0.80399 8.84 0.803 0.500
0.80397 -9.62 0.803 0.000
0.80396 16.23 0.803 0.500
0.80392 -9.38 0.803 0.000
0.80390 -7.96 0.803 0.455
0.80388 17.77 0.803 0.500
0.80388 -9.49 0.803 0.000
0.80392 -9.73 0.803 0.000
0.80396 13.33 0.803 0.500
0.80399 -9.52 0.803 0.000
0.80403 5.44 0.803 0.500
0.80407 -9.68 0.803 0.000
0.80408 -10.24 0.803 0.000
0.80412 23.78 0.803 0.500
0.80414 -8.28 0.803 0.000
0.80416 -10.10 0.803 0.000
0.80417 24.00 0.803 0.500
0.80419 -9.98 0.803 0.000
0.80421 -2.76 0.803 0.500
0.80423 -9.81 0.803 0.000
0.80423 -10.39 0.803 0.000
0.80423 24.00 0.803 0.500
0.80423 -8.20 0.803 0.000
0.80425 -8.43 0.803 0.000
0.80425 -9.98 0.803 0.000
0.80423 23.40 0.803 0.500
0.80423 -8.02 0.803 0.000
0.80423 -9.60 0.803 0.000
0.80421 2.45 0.803 0.500
0.80421 1.81 0.803 0.500
0.80421 -8.23 0.803 0.041
0.80421 -6.65 0.803 0.458
0.80419 -10.45 0.803 0.000
0.80419 -9.18 0.803 0.444
0.80416 -3.04 0.803 0.500
0.80414 20.51 0.803 0.500
0.80412 -8.80 0.803 0.000
0.80408 -9.17 0.803 0.000
0.80407 9.66 0.803 0.500
0.80399 -8.32 0.803 0.000
0.80399 -9.35 0.803 0.000
0.80399 19.15 0.803 0.500
0.80401 -7.81 0.802 0.000
0.80401 -9.82 0.803 0.000
0.80403 1.87 0.803 0.500
0.80403 4.70 0.802 0.500
0.80403 -10.10 0.803 0.000
0.80403 -4.17 0.803 0.500
0.80403 -7.54 0.803 0.492
0.80403 7.35 0.803 0.500
0.80401 -2.02 0.803 0.500
0.80401 -4.82 0.802 0.500
0.80399 -9.84 0.803 0.000
0.80397 -10.09 0.803 0.064
0.80397 -5.07 0.803 0.500
0.80394 8.58 0.803 0.500
0.80392 8.93 0.802 0.500
0.80390 -9.01 0.802 0.000
0.80388 -1.55 0.802 0.500
0.80387 -1.78 0.802 0.500
0.80385 -4.13 0.802 0.500
0.80383 4.05 0.802 0.500
0.80381 -7.91 0.802 0.000
0.80379 -9.03 0.802 0.000
0.80376 2.45 0.802 0.500
0.80374 4.96 0.802 0.500
0.80372 -9.53 0.802 0.000
0.80368 -6.66 0.802 0.500
0.80367 18.55 0.802 0.500
0.80365 -8.06 0.802 0.000
0.80363 -8.25 0.802 0.000
0.80359 -8.96 0.802 0.000
0.80358 16.50 0.802 0.500
0.80356 -8.88 0.802 0.000
0.80341 15.09 0.802 0.500
0.80338 -1.26 0.801 0.500
0.80334 -8.23 0.802 0.000
0.80330 9.35 0.801 0.500
0.80327 -7.86 0.802 0.000
0.80325 -8.55 0.802 0.000
0.80321 24.00 0.801 0.500
0.80318 -7.92 0.802 0.000
0.80316 19.09 0.801 0.500
0.80314 -7.83 0.802 0.000
0.80312 23.00 0.801 0.500
0.80312 -7.77 0.802 0.000
0.80314 -8.01 0.802 0.045
0.80314 7.68 0.802 0.500
0.80314 -8.29 0.802 0.000
0.80316 5.39 0.802 0.500
0.80316 14.93 0.802 0.500
0.80318 -6.29 0.802 0.000
0.80319 -7.92 0.802 0.000
0.80319 18.52 0.802 0.500
0.80321 -5.15 0.802 0.397
0.80323 -8.08 0.802 0.000
0.80325 12.34 0.803 0.500
0.80327 -6.55 0.803 0.258
0.80328 -8.16 0.803 0.000
0.80330 -8.59 0.803 0.000
0.80330 24.00 0.803 0.500
0.80332 -6.65 0.803 0.000
0.80332 -7.80 0.803 0.000
0.80334 -8.75 0.803 0.000
0.80334 0.19 0.803 0.500
0.80336 -8.62 0.804 0.000
0.80336 4.62 0.804 0.500
0.80336 -8.56 0.804 0.000
0.80336 24.00 0.803 0.500
0.80348 -8.87 0.803 0.000
0.80352 24.00 0.803 0.500
0.80358 -9.07 0.803 0.000
0.80365 16.14 0.803 0.500
0.80370 -2.31 0.803 0.500
0.80377 -8.24 0.803 0.000
0.80385 -3.04 0.803 0.500
0.80392 -8.19 0.804 0.000
0.80399 -8.71 0.804 0.000
0.80405 -9.96 0.804 0.000
0.80410 -2.17 0.804 0.500
0.80414 8.67 0.804 0.500
0.80417 -8.62 0.804 0.000
0.80421 0.21 0.804 0.500
0.80423 -8.65 0.804 0.000
0.80425 -9.10 0.804 0.000
0.80426 8.41 0.804 0.500
0.80426 -9.78 0.804 0.000
0.80425 -9.92 0.804 0.191
0.80425 16.56 0.804 0.500
0.80425 -8.29 0.804 0.000
0.80423 -2.38 0.803 0.500
0.80421 -8.12 0.803 0.065
0.80421 -6.24 0.803 0.473
0.80419 -9.16 0.803 0.000
0.80417 -9.54 0.803 0.000
0.80416 -7.08 0.803 0.498
0.80412 -9.87 0.803 0.000
0.80408 15.56 0.803 0.500
0.80403 4.21 0.803 0.500
0.80399 -8.34 0.803 0.000
0.80396 4.39 0.802 0.500
0.80390 -9.19 0.802 0.000
0.80387 -7.56 0.802 0.469
0.80383 -9.76 0.803 0.000
0.80354 14.63 0.802 0.500
0.80347 11.82 0.802 0.500
0.80339 -7.22 0.802 0.000
0.80332 -7.95 0.802 0.000
0.80327 -8.60 0.802 0.000
0.80319 18.35 0.802 0.500
0.80312 4.64 0.801 0.500
0.80307 -2.15 0.801 0.500
0.80301 -5.71 0.801 0.029
0.80296 -2.01 0.801 0.500
0.80290 -7.08 0.801 0.000
0.80285 -7.30 0.801 0.000
0.80281 17.08 0.801 0.500
0.80276 -6.58 0.801 0.000
0.80272 4.16 0.801 0.500
0.80267 -6.41 0.801 0.000
0.80263 -6.29 0.801 0.285
0.80260 12.31 0.801 0.500
0.80256 -1.59 0.801 0.500
0.80252 -5.84 0.801 0.000
0.80250 10.29 0.801 0.500
0.80247 -5.12 0.801 0.000
0.80245 -4.46 0.801 0.382
0.80243 -5.79 0.801 0.000
0.80241 10.92 0.801 0.500
0.80240 -4.93 0.801 0.000
0.80238 5.59 0.801 0.500
0.80238 -4.99 0.801 0.000
0.80236 -5.98 0.801 0.000
0.80236 -6.74 0.801 0.000
0.80234 22.51 0.801 0.500
0.80234 -5.97 0.801 0.000
0.80234 16.74 0.801 0.500
0.80236 2.97 0.801 0.500
0.80245 -6.95 0.801 0.000
0.80249 22.60 0.801 0.500
0.80250 -7.07 0.802 0.000
0.80254 24.00 0.802 0.500
0.80258 -7.36 0.802 0.000
0.80263 17.27 0.802 0.500
0.80269 -5.69 0.802 0.165
0.80274 6.07 0.802 0.500
0.80279 -6.80 0.803 0.000
0.80285 8.01 0.803 0.500
0.80292 -7.18 0.803 0.000
0.80298 -7.36 0.803 0.175
0.80303 10.73 0.803 0.500
0.80309 -7.42 0.804 0.000
0.80314 -2.23 0.804 0.500
0.80319 -8.07 0.804 0.000
0.80325 -3.27 0.804 0.500
0.80328 14.96 0.804 0.500
0.80334 -6.12 0.804 0.209
0.80338 -6.28 0.804 0.000
0.80341 -8.55 0.804 0.000
0.80345 5.41 0.804 0.500
0.80347 -8.90 0.804 0.000
0.80350 -4.94 0.804 0.500
0.80352 -3.57 0.804 0.500
0.80352 -2.39 0.804 0.500
0.80354 -8.64 0.804 0.000
0.80354 -5.05 0.804 0.500
0.80354 -8.64 0.804 0.065
0.80352 8.79 0.804 0.500
0.80350 -8.60 0.804 0.000
0.80348 24.00 0.803 0.500
0.80347 -7.02 0.803 0.000
0.80347 6.76 0.803 0.500
0.80345 -8.01 0.803 0.000
0.80341 -8.90 0.803 0.000
0.80339 -9.16 0.803 0.082
0.80338 24.00 0.803 0.500
0.80334 -6.50 0.803 0.000
0.80332 -7.99 0.803 0.000
0.80330 -8.73 0.803 0.000
0.80327 11.00 0.803 0.500
0.80325 -3.87 0.803 0.500
0.80323 -6.00 0.803 0.424
0.80319 -7.52 0.803 0.000
0.80318 -2.46 0.803 0.500
0.80316 0.07 0.803 0.500
0.80312 -7.43 0.803 0.000
0.80309 14.97 0.802 0.500
0.80307 -1.40 0.802 0.500
0.80303 -8.08 0.802 0.000
0.80301 21.00 0.802 0.500
0.80299 -6.71 0.802 0.000
0.80298 2.72 0.802 0.500
0.80298 -6.63 0.802 0.000
0.80298 -7.09 0.802 0.000
0.80298 16.51 0.802 0.500
0.80296 -7.25 0.802 0.000
0.80296 -7.86 0.802 0.000
0.80296 -5.75 0.803 0.490
0.80296 -8.16 0.803 0.000
0.80296 -4.59 0.803 0.500
0.80294 -8.13 0.803 0.000
0.80294 18.97 0.803 0.500
0.80292 -7.89 0.803 0.000
0.80292 16.64 0.803 0.500
0.80294 4.59 0.802 0.500
0.80294 -6.59 0.802 0.000
0.80294 -6.78 0.802 0.167
0.80294 -4.80 0.802 0.478
0.80294 -7.18 0.802 0.000
0.80292 8.08 0.802 0.500
0.80292 -6.28 0.802 0.106
0.80290 -5.82 0.802 0.321
0.80289 -7.69 0.802 0.000
0.80287 -6.80 0.802 0.410
0.80285 24.00 0.802 0.500
0.80283 -5.66 0.802 0.000
0.80281 -6.29 0.802 0.000
0.80279 13.24 0.802 0.500
0.80279 -7.27 0.802 0.000
0.80278 18.77 0.802 0.500
0.80278 -6.00 0.802 0.000
0.80278 0.65 0.802 0.500
0.80278 -5.96 0.802 0.000
0.80278 -6.81 0.802 0.000
0.80279 4.37 0.802 0.500
0.80279 7.78 0.802 0.500
0.80279 -4.98 0.802 0.214
0.80279 -5.28 0.802 0.000
0.80279 -5.65 0.802 0.000
0.80279 2.89 0.802 0.500
0.80279 -7.69 0.802 0.000
0.80279 14.58 0.802 0.500
0.80279 -7.60 0.802 0.000
0.80279 3.71 0.802 0.500
0.80279 6.16 0.802 0.500
0.80279 -3.54 0.802 0.493
0.80281 -7.16 0.802 0.000
0.80281 0.60 0.803 0.500
0.80281 17.03 0.802 0.500
0.80281 -5.36 0.802 0.000
0.80281 -7.34 0.802 0.000
0.80281 24.00 0.802 0.500
0.80283 -6.89 0.802 0.000
0.80287 -7.38 0.803 0.000
0.80287 10.95 0.803 0.500
0.80285 -6.96 0.803 0.000
0.80285 -7.66 0.803 0.000
0.80283 0.75 0.803 0.500
0.80283 12.65 0.803 0.500
0.80281 -1.57 0.803 0.500
0.80281 -4.99 0.803 0.313
0.80281 -6.26 0.803 0.000
0.80281 -6.86 0.803 0.000
0.80281 13.76 0.803 0.500
0.80281 -7.75 0.803 0.000
0.80281 -0.47 0.803 0.500
0.80281 21.77 0.803 0.500
0.80281 -5.29 0.803 0.000
0.80283 -5.94 0.803 0.000
0.80283 -7.27 0.803 0.000
0.80285 16.29 0.803 0.500
0.80285 -7.52 0.803 0.000
0.80285 -7.71 0.803 0.004
0.80287 -5.52 0.803 0.492
0.80287 14.55 0.803 0.500
0.80287 -3.19 0.803 0.500
0.80287 -6.06 0.803 0.000
0.80287 -4.17 0.803 0.481
0.80285 -7.03 0.803 0.000
0.80285 17.69 0.803 0.500
0.80285 -4.67 0.803 0.353
0.80285 -5.32 0.802 0.000
0.80285 -6.22 0.802 0.000
0.80285 -0.20 0.802 0.500
0.80285 -7.66 0.803 0.000
0.80285 -7.88 0.803 0.029
0.80276 4.73 0.803 0.500
0.80274 -5.84 0.803 0.422
0.80272 19.56 0.803 0.500
0.80269 -7.13 0.803 0.000
0.80267 23.96 0.802 0.500
0.80263 1.28 0.802 0.500
0.80263 -6.86 0.802 0.000
0.80263 -7.29 0.802 0.000
0.80263 3.85 0.803 0.500
0.80263 5.70 0.802 0.500
0.80263 -6.14 0.803 0.000
0.80265 17.08 0.802 0.500
0.80265 -7.12 0.803 0.000
0.80265 24.00 0.802 0.500
0.80267 -5.20 0.802 0.000
0.80269 -5.67 0.802 0.000
0.80270 -7.24 0.803 0.000
0.80272 20.31 0.803 0.500
0.80276 -5.93 0.803 0.000
0.80278 1.95 0.803 0.500
0.80279 -6.55 0.803 0.000
0.80281 -7.86 0.803 0.000
0.80283 -7.16 0.804 0.388
0.80285 7.62 0.804 0.500
0.80287 -7.77 0.804 0.000
0.80287 13.21 0.804 0.500
0.80287 -2.12 0.804 0.500
0.80289 3.32 0.803 0.500
0.80289 -6.95 0.803 0.000
0.80289 19.48 0.803 0.500
0.80289 -5.53 0.803 0.000
0.80290 -4.92 0.803 0.375
0.80290 -5.82 0.803 0.000
0.80290 -7.47 0.803 0.000
0.80292 9.50 0.803 0.500
0.80292 -0.62 0.803 0.500
0.80292 -5.97 0.803 0.010
0.80292 7.16 0.803 0.500
0.80292 -5.76 0.803 0.000
0.80292 -7.94 0.803 0.000
0.80292 -4.68 0.803 0.500
0.80290 -7.61 0.804 0.278
0.80290 0.92 0.804 0.500
0.80290 18.90 0.803 0.500
0.80289 -5.37 0.803 0.000
0.80289 -6.58 0.803 0.000
0.80289 -7.14 0.803 0.000
0.80289 -7.71 0.803 0.000
0.80287 24.00 0.803 0.500
0.80287 -2.80 0.803 0.489
0.80287 -6.77 0.803 0.000
0.80287 -7.66 0.803 0.000
