0.000 0.000
0.000 0.009
0.000 0.031
0.000 0.058
0.000 0.089
0.000 0.125
0.000 0.166
0.000 0.211
0.000 0.261
0.000 0.315
0.000 0.372
0.000 0.434
0.000 0.499
0.000 0.567
0.000 0.639
0.000 0.714
0.000 0.793
0.000 0.874
0.000 0.958
0.000 1.044
0.000 1.133
0.000 1.224
0.000 1.318
0.000 1.413
0.000 1.511
0.000 1.610
0.000 1.711
0.000 1.814
0.000 1.919
0.000 2.027
0.000 2.138
0.000 2.251
0.000 2.367
0.000 2.485
0.000 2.606
0.000 2.729
0.000 2.855
0.000 2.983
0.000 2.989
0.000 3.235
0.000 3.371
0.000 3.508
0.000 3.648
0.000 3.790
0.000 3.935
0.000 4.081
0.000 4.230
0.000 4.381
0.000 4.535
0.000 4.690
0.000 4.848
0.000 5.007
0.001 5.046
0.001 5.323
0.001 5.488
0.001 5.656
0.001 5.703
0.001 5.988
0.001 6.161
0.001 6.337
0.002 6.391
0.002 6.684
0.002 6.741
0.002 7.038
0.003 7.099
0.003 7.276
0.004 7.331
0.005 7.624
0.005 7.806
0.006 7.867
0.007 8.042
0.008 8.220
0.009 8.276
0.010 8.447
0.012 8.620
0.013 8.795
0.015 8.848
0.017 8.894
0.020 9.056
0.022 9.218
0.024 9.383
0.027 9.427
0.030 9.463
0.033 9.737
0.036 9.654
0.039 9.922
0.044 9.834
0.047 10.097
0.052 10.003
0.056 10.260
0.060 10.283
0.065 10.300
0.070 10.431
0.076 10.442
0.081 10.569
0.087 10.696
0.093 10.582
0.099 10.818
0.105 10.821
0.112 10.817
0.119 10.928
0.126 11.041
0.133 10.912
0.141 11.133
0.148 11.121
0.156 11.102
0.165 11.199
0.173 11.176
0.182 11.146
0.191 11.231
0.200 11.318
0.210 11.286
0.220 11.242
0.230 11.321
0.240 11.400
0.251 11.213
0.262 11.282
0.273 11.354
0.284 11.287
0.295 11.354
0.307 11.283
0.319 11.209
0.332 11.264
0.344 11.321
0.356 11.246
0.370 11.174
0.383 11.216
0.396 11.147
0.410 11.301
0.424 11.126
0.438 11.154
0.452 11.096
0.466 11.211
0.481 11.076
0.496 11.087
0.511 11.102
0.527 11.059
0.542 11.066
0.558 11.031
0.574 11.029
0.590 11.001
0.606 10.993
0.623 10.987
0.639 10.962
0.656 10.949
0.673 10.928
0.691 10.909
0.708 10.892
0.726 10.872
0.743 10.849
0.761 10.831
0.780 10.802
0.798 10.783
0.817 10.748
0.835 10.714
0.854 10.704
0.873 10.667
0.892 10.626
0.911 10.617
0.930 10.568
0.950 10.547
0.969 10.511
0.989 10.477
1.009 10.454
1.029 10.415
1.049 10.378
1.069 10.353
1.089 10.311
1.110 10.271
1.130 10.232
1.151 10.206
1.172 10.163
1.193 10.130
1.214 10.073
1.235 10.046
1.257 10.002
1.278 9.959
1.300 9.927
1.322 9.881
1.343 9.835
1.365 9.791
1.387 9.749
1.409 9.718
1.431 9.672
1.454 9.627
1.476 9.591
1.498 9.533
1.521 9.503
1.544 9.457
1.566 9.412
1.589 9.369
1.612 9.328
1.635 9.298
1.658 9.242
1.680 9.206
1.703 9.172
1.726 9.149
1.749 9.102
1.772 9.081
1.795 9.042
1.817 9.019
1.840 8.999
1.863 8.973
1.886 8.952
1.909 8.927
1.932 8.919
1.955 8.894
1.978 8.878
2.001 8.891
2.024 8.860
2.047 8.890
2.070 8.854
2.093 8.851
2.116 8.908
2.139 8.863
2.161 8.939
2.185 8.886
2.207 8.982
2.230 9.013
2.253 8.950
2.276 8.972
2.299 9.102
2.322 9.143
2.345 9.072
2.367 9.224
2.390 9.272
2.413 9.323
2.435 9.375
2.458 9.430
2.480 9.627
2.503 9.554
2.526 9.615
2.548 9.677
2.571 9.602
2.594 9.798
2.617 9.866
2.640 9.794
2.663 9.996
2.686 9.928
2.708 10.133
2.732 10.069
2.754 10.274
2.777 10.216
2.800 10.288
2.824 10.360
2.847 10.434
2.870 10.509
2.893 10.450
2.917 10.653
2.940 10.601
2.964 10.674
2.988 10.613
3.011 10.816
3.035 10.760
3.059 10.831
3.083 10.904
3.108 10.841
3.132 10.910
3.157 10.979
3.181 11.050
3.206 11.121
3.231 11.059
3.256 11.126
3.281 11.195
3.306 11.126
3.332 11.190
3.357 11.256
3.383 11.183
3.409 11.243
3.435 11.166
3.461 11.360
3.487 11.285
3.513 11.344
3.540 11.265
3.567 11.318
3.593 11.511
3.620 11.300
3.647 11.485
3.674 11.544
3.701 11.466
3.729 11.386
3.756 11.566
3.784 11.487
3.811 11.536
3.839 11.456
3.868 11.499
3.896 11.543
3.924 11.465
3.952 11.630
3.981 11.437
4.010 11.467
4.039 11.500
4.068 11.534
4.098 11.571
4.127 11.409
4.157 11.519
4.186 11.550
4.216 11.481
4.246 11.505
4.276 11.531
4.306 11.560
4.336 11.590
4.366 11.522
4.397 11.545
4.427 11.570
4.458 11.508
4.489 11.524
4.520 11.543
4.551 11.565
4.581 11.589
4.612 11.615
4.643 11.643
4.674 11.577
4.706 11.597
4.737 11.620
4.768 11.644
4.800 11.671
4.831 11.606
4.863 11.625
4.895 11.647
4.927 11.589
4.959 11.601
4.991 11.616
5.024 11.567
5.056 11.646
5.089 11.590
5.122 11.549
5.155 11.606
5.188 11.559
5.221 11.525
5.255 11.520
5.288 11.516
5.322 11.515
5.356 11.485
5.390 11.475
5.424 11.508
5.458 11.471
5.492 11.468
5.526 11.467
5.560 11.469
5.594 11.436
5.629 11.429
5.663 11.425
5.698 11.422
5.732 11.422
5.767 11.391
5.802 11.383
5.837 11.359
5.872 11.365
5.907 11.337
5.943 11.325
5.979 11.304
6.014 11.299
6.050 11.275
6.086 11.260
6.122 11.246
6.157 11.234
6.193 11.225
6.229 11.217
6.265 11.193
6.301 11.200
6.337 11.172
6.374 11.160
6.410 11.151
6.446 11.143
6.482 11.183
6.518 11.142
6.555 11.141
6.591 11.142
6.627 11.144
6.663 11.150
6.700 11.157
6.737 11.116
6.773 11.115
6.810 11.084
6.847 11.111
6.884 11.115
6.921 11.078
6.958 11.074
6.995 11.073
7.033 11.042
7.070 11.068
7.108 11.033
7.146 11.027
7.184 11.000
7.221 11.013
7.259 11.013
7.297 10.981
7.335 11.012
7.372 11.018
7.410 10.978
7.448 11.030
7.486 10.984
7.524 10.985
7.562 10.989
7.600 10.995
7.639 10.956
7.677 11.005
7.716 10.960
7.755 10.929
7.793 10.957
7.832 10.962
7.871 10.923
7.910 10.920
7.948 10.974
7.987 10.927
8.026 10.996
8.064 11.013
8.103 10.957
8.142 10.965
8.181 10.976
8.220 10.989
8.259 11.003
8.298 11.020
8.337 11.038
8.376 11.165
8.415 11.090
8.454 11.113
8.493 11.140
8.532 11.167
8.571 11.197
8.610 11.124
8.649 11.253
8.689 11.177
8.728 11.201
8.768 11.228
8.808 11.158
8.847 11.278
8.887 11.204
8.927 11.226
8.967 11.162
9.007 11.267
9.048 11.199
9.088 11.215
9.128 11.338
9.168 11.263
9.209 11.285
9.249 11.423
9.289 11.343
9.329 11.370
9.370 11.399
9.410 11.430
9.450 11.462
9.491 11.385
9.532 11.409
9.573 11.435
9.614 11.463
9.655 11.390
9.696 11.515
9.737 11.439
9.778 11.462
9.820 11.486
9.861 11.512
9.902 11.659
9.943 11.576
9.984 11.607
10.026 11.531
10.067 11.665
10.108 11.700
10.150 11.619
10.191 11.766
10.233 11.806
10.274 11.846
10.315 11.888
10.357 11.803
10.399 11.837
10.440 11.873
10.482 11.911
10.524 11.950
10.566 11.866
10.608 11.897
10.650 11.930
10.693 11.964
10.735 11.883
10.778 11.909
10.820 11.938
10.863 11.863
10.907 11.882
10.949 12.015
10.992 11.935
11.035 11.960
11.078 12.104
11.121 12.021
11.164 12.050
11.207 12.206
11.250 12.009
11.293 12.145
11.337 12.064
11.380 12.089
11.424 12.116
11.468 12.042
11.512 12.166
11.556 12.005
11.600 12.102
11.644 12.126
11.688 12.056
11.732 12.288
11.776 12.102
11.820 12.224
11.864 12.254
11.909 12.175
11.953 12.198
11.997 12.337
12.041 12.371
12.086 12.288
12.130 12.438
12.174 12.352
12.218 12.509
12.263 12.421
12.307 12.340
12.352 12.480
12.397 12.397
12.442 12.423
12.487 12.451
12.532 12.373
12.577 12.394
12.623 12.414
12.668 12.437
12.714 12.367
12.760 12.381
12.805 12.397
12.851 12.414
12.897 12.539
12.942 12.459
12.988 12.481
13.034 12.503
13.080 12.527
13.126 12.454
13.172 12.469
13.219 12.487
13.265 12.505
13.312 12.440
13.358 12.451
13.405 12.462
13.452 12.410
13.499 12.481
13.546 12.496
13.592 12.513
13.639 12.531
13.686 12.466
13.733 12.563
13.780 12.494
13.827 12.507
13.874 12.520
13.921 12.635
13.968 12.662
14.015 12.583
14.062 12.711
14.109 12.630
14.156 12.652
14.204 12.581
14.251 12.690
14.298 12.616
14.346 12.631
14.394 12.648
14.441 12.666
14.489 12.601
14.537 12.610
14.586 12.560
14.634 12.626
14.683 12.571
14.731 12.646
14.779 12.662
14.827 12.679
14.875 12.697
14.923 12.631
14.972 12.641
15.020 12.744
15.069 12.606
15.117 12.678
15.166 12.620
15.215 12.625
15.265 12.583
15.314 12.631
15.363 12.585
15.412 12.643
15.461 12.654
15.510 12.667
15.560 12.610
15.609 12.614
15.658 12.696
15.707 12.632
15.756 12.724
15.806 12.656
15.855 12.757
15.904 12.778
15.953 12.705
16.003 12.718
16.052 12.734
16.102 12.749
16.151 12.765
16.201 12.700
16.251 12.708
16.301 12.718
16.350 12.937
16.400 12.690
16.450 12.692
16.501 12.695
16.551 12.700
16.601 12.705
16.651 12.795
16.701 12.812
16.751 12.743
16.802 12.754
16.852 12.764
16.902 12.777
16.953 12.790
17.004 12.731
17.054 12.735
17.105 12.742
17.156 12.696
17.207 12.749
17.259 12.700
17.309 12.761
17.360 12.773
17.411 12.785
17.462 12.727
17.513 12.805
17.564 12.743
17.615 12.831
17.666 12.847
17.717 12.866
17.767 12.886
17.818 12.907
17.869 12.927
17.920 12.852
17.971 12.865
18.023 12.880
18.074 12.895
18.126 12.830
18.177 12.837
18.229 12.845
18.281 12.854
18.333 12.802
18.385 12.867
18.437 12.811
18.488 12.884
18.540 12.899
18.592 12.913
18.644 12.929
18.696 12.863
18.747 12.956
18.800 12.886
18.852 12.895
18.904 12.841
18.957 12.842
19.010 12.845
19.062 12.847
19.115 12.851
19.167 12.933
19.219 12.950
19.272 12.882
19.324 12.890
19.377 12.898
19.429 12.999
19.482 12.926
19.534 13.032
19.586 13.055
19.639 12.976
19.691 13.094
19.743 13.012
19.796 13.028
19.849 13.045
19.902 12.975
19.954 13.073
20.007 12.999
20.060 13.009
20.114 12.953
20.167 13.025
20.220 12.965
20.274 12.968
20.327 13.050
20.380 13.065
20.433 13.081
20.487 13.012
20.540 13.109
20.593 13.035
20.647 13.045
20.700 13.151
20.753 13.073
20.807 13.015
20.861 13.017
20.915 13.021
20.969 13.025
21.023 13.030
21.077 13.119
21.131 13.050
21.184 13.146
21.239 13.013
21.292 13.169
21.346 13.187
21.399 13.209
21.453 13.229
21.507 13.149
21.560 13.266
21.614 13.183
21.668 13.198
21.722 13.322
21.776 13.237
21.831 13.081
21.885 13.158
21.940 13.168
21.994 13.177
22.049 13.187
22.103 13.128
22.158 13.203
22.212 13.215
22.266 13.332
22.321 13.248
22.375 13.264
22.429 13.279
22.484 13.208
22.539 13.304
22.594 13.230
22.649 13.177
22.704 13.240
22.759 13.184
22.815 13.185
22.869 13.258
22.924 13.270
22.979 13.283
23.034 13.217
23.089 13.303
23.145 13.235
23.200 13.325
23.254 13.341
23.309 13.471
23.364 13.383
23.419 13.307
23.474 13.411
23.529 13.430
23.585 13.281
23.639 13.456
23.695 13.299
23.751 13.379
23.806 13.314
23.862 13.317
23.918 13.271
23.974 13.406
24.029 13.335
24.085 13.341
24.141 13.439
24.196 13.457
24.252 13.380
24.307 13.390
24.363 13.399
24.419 13.411
24.475 13.348
24.532 13.306
24.588 13.346
24.645 13.280
24.702 13.340
24.757 13.427
24.814 13.358
24.870 13.363
24.926 13.370
24.982 13.377
25.039 13.384
25.094 13.488
25.149 13.755
25.205 13.441
25.261 13.550
25.317 13.469
25.374 13.481
25.430 13.491
25.487 13.426
25.543 13.510
25.600 13.441
25.656 13.445
25.713 13.452
25.770 13.400
25.827 13.456
25.884 13.402
25.941 13.463
25.997 13.565
26.054 13.487
26.110 13.496
26.167 13.506
26.224 13.444
26.281 13.445
26.338 13.448
26.395 13.450
26.453 13.405
26.510 13.449
26.568 13.402
26.625 13.451
26.681 13.781
26.738 13.427
26.795 13.482
26.853 13.488
26.910 13.496
26.967 13.503
27.024 13.607
27.081 13.526
27.137 13.634
27.195 13.481
27.252 13.555
27.309 13.565
27.368 13.437
27.425 13.488
27.483 13.490
27.541 13.495
27.599 13.447
27.657 13.443
27.714 13.492
27.772 13.442
27.830 13.496
27.888 13.501
27.945 13.508
28.003 13.514
28.061 13.458
28.118 13.523
28.177 13.427
28.235 13.418
28.294 13.394
28.353 13.394
28.411 13.386
28.469 13.423
28.527 13.424
28.586 13.360
28.645 13.367
28.703 13.410
28.761 13.414
28.819 13.417
28.877 13.507
28.935 13.433
28.993 13.438
29.051 13.444
29.109 13.449
29.167 13.455
29.225 13.462
29.283 13.405
29.342 13.404
29.401 13.366
29.459 13.395
29.518 13.355
29.577 13.387
29.635 13.387
29.694 13.388
29.752 13.389
29.811 13.390
29.870 13.326
29.928 13.565
29.987 13.348
30.046 13.343
30.105 13.337
30.164 13.307
30.224 13.294
30.283 13.308
30.342 13.270
30.401 13.343
30.461 13.252
30.520 13.272
30.579 13.270
30.637 13.331
30.696 13.336
30.754 13.344
30.813 13.284
30.872 13.350
30.930 13.357
30.989 13.296
31.048 13.295
31.107 13.295
31.166 13.369
31.224 13.378
31.283 13.312
31.343 13.248
31.402 13.301
31.461 13.301
31.520 13.255
31.579 13.381
31.638 13.308
31.697 13.312
31.756 13.314
31.815 13.264
31.874 13.260
31.934 13.256
31.993 13.251
32.053 13.247
32.112 13.244
32.172 13.210
32.231 13.292
32.290 13.296
32.349 13.239
32.410 13.191
32.469 13.220
32.529 13.183
32.588 13.276
32.646 13.380
32.707 13.176
32.766 13.283
32.824 13.290
32.884 13.226
32.943 13.299
33.002 13.233
33.062 13.233
33.122 13.190
33.181 13.227
33.241 13.182
33.300 13.222
33.359 13.302
33.420 13.162
33.478 13.299
33.538 13.228
33.598 13.179
33.657 13.224
33.717 13.227
33.776 13.177
33.836 13.225
33.896 13.173
33.956 13.168
34.015 13.220
34.074 13.222
34.134 13.227
34.193 13.230
34.253 13.234
34.312 13.238
34.372 13.182
34.431 13.240
34.490 13.335
34.549 13.350
34.608 13.361
34.668 13.280
34.727 13.379
34.788 13.190
34.847 13.275
34.907 13.214
34.966 13.278
35.026 13.217
35.086 13.216
35.146 13.213
35.206 13.212
35.265 13.376
35.324 13.293
35.384 13.300
35.443 13.307
35.503 13.242
35.563 13.241
35.622 13.313
35.683 13.205
35.742 13.240
35.803 13.195
35.863 13.232
35.923 13.168
35.983 13.291
36.042 13.301
36.102 13.185
36.162 13.302
36.221 13.308
36.281 13.317
36.340 13.325
36.400 13.333
36.459 13.343
36.518 13.350
36.578 13.358
36.638 13.287
36.698 13.287
36.757 13.370
36.817 13.247
36.877 13.291
36.937 13.241
36.999 13.207
37.059 13.266
37.118 13.267
37.178 13.351
37.238 13.277
37.298 13.280
37.357 13.280
37.418 13.229
37.478 13.276
37.538 13.225
37.599 13.193
37.659 13.206
37.719 13.201
37.779 13.249
37.839 13.252
37.899 13.199
37.960 13.193
38.020 13.243
38.079 13.246
38.139 13.247
38.199 13.249
38.259 13.340
38.318 13.261
38.378 13.264
38.438 13.265
38.498 13.211
38.558 13.263
38.618 13.265
38.678 13.210
38.739 13.177
38.800 13.193
38.860 13.187
38.920 13.183
38.980 13.235
39.040 13.180
39.100 13.231
39.161 13.140
39.221 13.214
39.282 13.159
39.342 13.155
39.403 13.121
39.463 13.108
39.524 13.096
39.585 13.076
39.646 13.093
39.706 13.088
39.766 13.081
39.827 13.077
39.887 13.072
39.947 13.067
40.007 13.118
40.067 13.120
40.127 13.122
40.187 13.124
40.247 13.069
40.307 13.121
40.367 13.065
40.428 13.060
40.488 13.054
40.548 13.048
40.609 13.015
40.670 13.002
40.730 13.017
40.790 13.011
40.850 13.060
40.910 13.062
40.971 13.008
41.030 13.055
41.091 13.003
41.151 12.997
41.212 12.964
41.272 12.977
41.333 12.945
41.394 12.931
41.454 12.943
41.514 12.935
41.574 12.982
41.635 12.905
41.695 12.915
41.756 12.909
41.815 12.952
41.875 12.954
41.935 12.951
41.995 12.951
42.055 12.953
42.115 12.952
42.175 12.950
42.235 12.902
42.295 12.942
42.355 12.894
42.415 12.885
42.477 12.862
42.537 12.847
42.598 12.839
42.658 12.830
42.718 12.868
42.778 12.864
42.839 12.799
42.901 12.796
42.961 12.800
43.021 12.755
43.082 12.746
43.142 12.736
43.201 12.944
43.261 12.740
43.322 12.731
43.380 12.931
43.441 12.733
43.501 12.761
43.561 12.759
43.621 12.717
43.681 12.743
43.740 12.808
43.800 12.812
43.859 12.812
43.919 12.715
43.979 12.738
44.039 12.734
44.099 12.729
44.158 12.790
44.218 12.727
44.278 12.690
44.339 12.678
44.399 12.697
44.459 12.691
44.519 12.647
44.579 12.665
44.639 12.713
44.698 12.717
44.759 12.626
44.819 12.638
44.878 12.632
44.939 12.593
44.999 12.603
45.059 12.571
45.119 12.581
45.179 12.574
45.239 12.614
45.298 12.615
45.358 12.564
45.417 12.602
45.477 12.555
45.536 12.670
45.595 12.596
45.655 12.550
45.714 12.660
45.773 12.662
45.833 12.593
45.892 12.664
45.951 12.594
46.010 12.660
46.069 12.594
46.130 12.538
46.190 12.534
46.249 12.558
46.308 12.554
46.368 12.549
46.427 12.544
46.486 12.600
46.545 12.602
46.604 12.603
46.663 12.602
46.722 12.545
46.781 12.595
46.841 12.511
46.901 12.525
46.960 12.517
47.020 12.510
47.078 12.555
47.138 12.478
47.197 12.537
47.257 12.486
47.316 12.524
47.375 12.523
47.433 12.599
47.492 12.599
47.550 12.604
47.608 12.712
47.667 12.617
47.725 12.621
47.785 12.497
47.844 12.603
47.902 12.536
47.961 12.695
48.020 12.541
48.078 12.535
48.137 12.530
48.197 12.482
48.257 12.472
48.315 12.549
48.374 12.549
48.432 12.546
48.491 12.548
48.549 12.546
48.608 12.544
48.668 12.462
48.726 12.519
48.785 12.467
48.844 12.457
48.903 12.449
48.961 12.561
49.022 12.445
49.080 12.449
49.141 12.395
49.199 12.480
49.258 12.374
49.316 12.470
49.375 12.366
49.432 12.551
49.490 12.464
49.549 12.368
49.607 12.449
49.665 12.541
49.723 12.453
49.780 12.658
49.838 12.468
49.897 12.413
49.955 12.404
50.015 12.375
50.071 12.866
50.129 12.441
50.187 12.519
50.245 12.398
50.303 12.431
50.361 12.503
50.419 12.431
50.477 12.497
50.535 12.391
50.593 12.417
50.651 12.411
50.708 12.563
50.766 12.415
50.826 12.371
50.883 12.437
50.941 12.379
50.999 12.428
51.057 12.424
51.115 12.372
51.172 12.497
51.231 12.350
51.288 12.465
51.346 12.390
51.403 12.461
51.460 12.463
51.518 12.393
51.575 12.458
51.633 12.391
51.689 12.549
51.746 12.461
51.804 12.394
51.862 12.356
51.920 12.375
51.977 12.425
52.034 12.425
52.091 12.422
52.149 12.367
52.206 12.410
52.263 12.408
52.321 12.354
52.378 12.346
52.436 12.336
52.493 12.326
52.551 12.314
52.609 12.304
52.666 12.330
52.722 12.391
52.780 12.327
52.837 12.319
52.894 12.313
52.951 12.306
53.008 12.355
53.064 12.352
53.121 12.435
53.177 12.356
53.234 12.350
53.290 12.426
53.347 12.350
53.404 12.346
53.460 12.342
53.517 12.337
53.574 12.331
53.631 12.288
53.688 12.276
53.745 12.296
53.801 12.289
53.858 12.283
53.914 12.331
53.971 12.273
54.027 12.318
54.084 12.264
54.140 12.303
54.197 12.252
54.254 12.242
54.311 12.214
54.367 12.213
54.424 12.187
54.481 12.182
54.537 12.204
54.594 12.199
54.649 12.251
54.706 12.190
54.762 12.155
54.819 12.167
54.874 12.210
54.930 12.206
54.986 12.203
55.042 12.196
55.098 12.150
55.154 12.180
55.210 12.173
55.266 12.130
55.322 12.154
55.377 12.147
55.434 12.107
55.490 12.094
55.546 12.073
55.603 12.058
55.659 12.043
55.715 12.051
55.770 12.088
55.826 12.038
55.881 12.071
55.937 12.023
55.993 12.012
56.049 12.000
56.104 11.988
56.161 11.964
56.216 11.954
56.272 11.940
56.328 11.925
56.384 11.910
56.439 11.919
56.494 11.908
56.549 12.023
56.605 11.885
56.660 11.884
56.715 11.910
56.772 11.878
56.827 11.915
56.882 11.819
56.938 11.796
56.994 11.776
57.049 11.754
57.104 11.762
57.160 11.730
57.215 11.735
57.270 11.705
57.325 11.688
57.380 11.686
57.435 11.659
57.491 11.641
57.546 11.633
57.600 11.651
57.655 11.613
57.711 11.597
57.765 11.593
57.819 11.583
57.874 11.551
57.930 11.541
57.985 11.520
58.040 11.492
58.094 11.479
58.150 11.456
58.204 11.437
58.259 11.424
58.312 11.438
58.366 11.429
58.421 11.395
58.475 11.379
58.529 11.383
58.583 11.372
58.637 11.403
58.690 11.396
58.744 11.352
58.798 11.373
58.851 11.366
58.905 11.326
58.959 11.338
59.012 11.330
59.066 11.296
59.120 11.301
59.174 11.271
59.228 11.253
59.282 11.235
59.335 11.230
59.389 11.217
59.442 11.203
59.495 11.219
59.548 11.210
59.603 11.175
59.656 11.166
59.709 11.156
59.763 11.131
59.816 11.108
59.869 11.096
59.923 11.070
59.976 11.050
60.029 11.040
60.083 11.025
60.135 11.037
60.187 11.079
60.240 11.002
60.293 11.006
60.346 10.993
60.398 11.023
60.450 11.015
60.502 11.007
60.554 10.999
60.606 11.051
60.658 11.043
60.710 10.987
60.761 11.027
60.814 10.973
60.866 10.962
60.917 10.991
60.970 10.945
61.022 10.931
61.074 10.918
61.126 10.903
61.178 10.917
61.230 10.881
61.282 10.889
61.333 10.924
61.384 10.917
61.436 10.869
61.487 10.894
61.538 10.888
61.590 10.878
61.643 10.845
61.694 10.799
61.746 10.783
61.798 10.767
61.849 10.750
61.901 10.751
61.952 10.738
62.003 10.763
62.054 10.754
62.104 10.745
62.155 10.736
62.206 10.699
62.257 10.707
62.307 10.744
62.358 10.738
62.408 10.730
62.458 10.791
62.510 10.675
62.560 10.753
62.610 10.745
62.660 10.686
62.710 10.676
62.760 10.713
62.810 10.661
62.861 10.649
62.911 10.636
62.961 10.622
63.012 10.608
63.062 10.624
63.112 10.586
63.162 10.596
63.211 10.635
63.261 10.626
63.310 10.621
63.360 10.611
63.410 10.567
63.459 10.586
63.508 10.577
63.558 10.539
63.608 10.523
63.658 10.529
63.707 10.497
63.757 10.496
63.806 10.484
63.855 10.507
63.904 10.496
63.953 10.488
64.002 10.477
64.052 10.441
64.100 10.496
64.149 10.487
64.198 10.438
64.246 10.531
64.294 10.528
64.342 10.460
64.391 10.451
64.439 10.493
64.488 10.438
64.536 10.472
64.584 10.420
64.632 10.449
64.680 10.438
64.729 10.397
64.777 10.381
64.824 10.531
64.873 10.374
64.921 10.378
64.969 10.366
65.017 10.353
65.065 10.378
65.112 10.368
65.160 10.359
65.208 10.348
65.255 10.336
65.303 10.325
65.351 10.313
65.398 10.301
65.446 10.286
65.494 10.262
65.542 10.242
65.590 10.225
65.637 10.209
65.684 10.216
65.731 10.249
65.778 10.198
65.825 10.186
65.873 10.161
65.918 10.573
65.966 10.165
66.012 10.175
66.062 10.145
66.108 10.139
66.155 10.130
66.201 10.082
66.248 10.103
66.294 10.094
66.340 10.081
66.387 10.046
66.433 10.051
66.479 10.037
66.526 10.025
66.572 9.997
66.619 9.988
66.665 9.963
66.712 9.949
66.758 9.927
66.805 9.905
66.850 9.906
66.896 9.893
66.942 9.878
66.988 9.863
67.034 9.839
67.080 9.823
67.125 9.829
67.171 9.816
67.216 9.786
67.262 9.766
67.308 9.746
67.355 9.739
67.400 9.685
67.446 9.667
67.491 9.650
67.536 9.650
67.581 9.637
67.626 9.622
67.671 9.607
67.716 9.591
67.761 9.574
67.805 9.580
67.850 9.547
67.894 9.587
67.938 9.539
67.982 9.556
68.026 9.548
68.070 9.535
68.114 9.523
68.157 9.635
68.201 9.514
68.245 9.538
68.289 9.494
68.333 9.478
68.377 9.461
68.421 9.444
68.464 9.447
68.509 9.415
68.553 9.387
68.596 9.379
68.640 9.364
68.684 9.340
68.727 9.346
68.770 9.333
68.813 9.320
68.856 9.305
68.899 9.291
68.942 9.307
68.985 9.267
69.028 9.250
69.070 9.298
69.113 9.230
69.156 9.225
69.198 9.243
69.241 9.193
69.284 9.178
69.327 9.160
69.369 9.141
69.411 9.141
69.454 9.125
69.496 9.111
69.538 9.095
69.580 9.071
69.623 9.051
69.664 9.054
69.706 9.039
69.748 9.024
69.790 8.997
69.831 9.073
69.872 9.010
69.913 8.997
69.954 9.031
69.995 9.017
70.036 8.972
70.077 8.989
70.118 8.977
70.159 8.964
70.200 8.951
70.240 8.937
70.281 8.922
70.322 8.907
70.363 8.891
70.404 8.873
70.444 8.856
70.485 8.837
70.526 8.833
70.566 8.820
70.606 8.837
70.646 8.823
70.686 8.812
70.726 8.799
70.766 8.766
70.806 8.762
70.845 8.844
70.884 8.777
70.926 8.746
70.965 8.717
71.005 8.684
71.044 8.680
71.084 8.666
71.124 8.638
71.163 8.623
71.203 8.605
71.242 8.608
71.280 8.634
71.319 8.587
71.358 8.571
71.397 8.581
71.437 8.544
71.475 8.532
71.514 8.518
71.552 8.502
71.591 8.487
71.629 8.501
71.667 8.541
71.705 8.482
71.742 8.516
71.781 8.462
71.818 8.483
71.856 8.471
71.893 8.458
71.931 8.445
71.969 8.431
72.006 8.455
72.044 8.409
72.081 8.425
72.118 8.384
72.156 8.366
72.193 8.367
72.230 8.353
72.268 8.336
72.305 8.309
72.342 8.322
72.379 8.284
72.416 8.286
72.453 8.271
72.489 8.291
72.525 8.279
72.561 8.268
72.598 8.251
72.634 8.240
72.670 8.266
72.706 8.254
72.742 8.209
72.778 8.219
72.814 8.207
72.850 8.172
72.886 8.169
72.922 8.141
72.958 8.148
72.994 8.109
73.029 8.090
73.065 8.091
73.100 8.115
73.135 8.068
73.170 8.081
73.205 8.069
73.240 8.054
73.275 8.040
73.310 8.025
73.344 8.043
73.379 8.000
73.414 8.006
73.448 7.993
73.482 8.022
73.517 7.971
73.550 8.050
73.584 7.985
73.618 7.969
73.652 7.956
73.686 7.982
73.720 7.933
73.753 7.948
73.787 7.935
73.820 7.922
73.854 7.906
73.888 7.890
73.921 7.874
73.955 7.857
73.988 7.864
74.021 7.829
74.055 7.808
74.088 7.801
74.122 7.774
74.155 7.758
74.188 7.739
74.221 7.720
74.254 7.714
74.286 7.699
74.319 7.682
74.351 7.690
74.383 7.676
74.415 7.660
74.447 7.683
74.479 7.636
74.511 7.648
74.543 7.632
74.575 7.618
74.606 7.603
74.638 7.621
74.669 7.577
74.703 7.573
74.734 7.526
74.766 7.492
74.797 7.485
74.829 7.468
74.861 7.447
74.892 7.412
74.923 7.393
74.954 7.428
74.985 7.379
75.015 7.362
75.046 7.369
75.078 7.336
75.107 7.351
75.138 7.303
75.168 7.285
75.199 7.267
75.229 7.248
75.259 7.244
75.289 7.228
75.319 7.212
75.348 7.220
75.378 7.206
75.407 7.192
75.437 7.174
75.466 7.158
75.495 7.167
75.526 7.130
75.555 7.111
75.584 7.096
75.613 7.079
75.642 7.060
75.671 7.042
75.699 7.043
75.728 7.010
75.757 7.001
75.786 6.973
75.814 6.982
75.843 6.941
75.872 6.915
75.900 6.893
75.929 6.869
75.957 6.845
75.985 6.823
76.014 6.801
76.042 6.771
76.070 6.747
76.098 6.723
76.126 6.701
76.153 6.699
76.181 6.667
76.209 6.644
76.236 6.627
76.263 6.629
76.290 6.596
76.317 6.589
76.343 6.571
76.370 6.552
76.397 6.533
76.424 6.512
76.450 6.504
76.477 6.476
76.503 6.459
76.529 6.439
76.556 6.418
76.582 6.396
76.608 6.383
76.634 6.357
76.660 6.335
76.686 6.315
76.711 6.307
76.737 6.278
76.762 6.261
76.788 6.240
76.813 6.238
76.838 6.206
76.863 6.225
76.888 6.183
76.912 6.163
76.937 6.159
76.961 6.142
76.986 6.124
77.010 6.104
77.035 6.084
77.059 6.063
77.083 6.053
77.107 6.035
77.132 6.015
77.155 6.015
77.179 5.997
77.202 6.017
77.227 5.982
77.250 5.938
77.273 5.923
77.296 5.945
77.319 5.930
77.342 5.887
77.365 5.891
77.387 5.873
77.410 5.895
77.432 5.849
77.454 5.910
77.476 5.850
77.498 5.833
77.520 5.853
77.542 5.806
77.564 5.813
77.586 5.797
77.607 5.889
77.628 5.815
77.650 5.772
77.671 5.775
77.693 5.758
77.714 5.727
77.736 5.713
77.756 5.723
77.778 5.684
77.799 5.681
77.820 5.663
77.840 5.644
77.861 5.625
77.882 5.624
77.902 5.591
77.923 5.580
77.943 5.561
77.963 5.564
77.984 5.529
78.003 5.559
78.023 5.512
78.043 5.520
78.062 5.502
78.081 5.528
78.101 5.478
78.120 5.489
78.139 5.472
78.158 5.457
78.176 5.479
78.195 5.461
78.214 5.446
78.232 5.434
78.251 5.414
78.269 5.431
78.287 5.418
78.305 5.401
78.323 5.384
78.341 5.409
78.359 5.388
78.376 5.376
78.394 5.360
78.412 5.341
78.429 5.324
78.447 5.335
78.464 5.320
78.482 5.282
78.498 5.315
78.516 5.266
78.533 5.246
78.550 5.248
78.566 5.230
78.583 5.211
78.600 5.221
78.616 5.206
78.632 5.187
78.649 5.170
78.664 5.184
78.680 5.169
78.696 5.149
78.713 5.115
78.728 5.129
78.744 5.112
78.760 5.074
78.775 5.112
78.790 5.061
78.805 5.042
78.820 5.047
78.835 5.028
78.850 5.011
78.865 4.992
78.880 4.971
78.895 4.973
78.910 4.938
78.924 4.925
78.939 4.907
78.953 4.908
78.967 4.891
78.981 4.859
78.995 4.874
79.009 4.832
79.023 4.828
79.036 4.812
79.050 4.792
79.063 4.797
79.077 4.760
79.090 4.753
79.103 4.733
79.116 4.740
79.129 4.702
79.141 4.698
79.154 4.676
79.166 4.686
79.179 4.646
79.191 4.641
79.204 4.623
79.216 4.603
79.228 4.582
79.240 4.581
79.252 4.560
79.263 4.541
79.275 4.521
79.287 4.519
79.297 4.703
79.308 4.510
79.319 4.517
79.330 4.478
79.341 4.455
79.352 4.442
79.363 4.421
79.375 4.402
79.386 4.356
79.396 4.345
79.407 4.324
79.418 4.298
79.428 4.288
79.438 4.256
79.449 4.230
79.459 4.207
79.468 4.184
79.478 4.159
79.488 4.134
79.498 4.111
79.507 4.088
79.517 4.064
79.527 4.039
79.536 4.012
79.546 3.981
79.555 3.950
79.564 3.928
79.573 3.887
79.582 3.858
79.591 3.826
79.600 3.803
79.609 3.763
79.617 3.733
79.625 3.701
79.634 3.678
79.642 3.639
79.650 3.608
79.659 3.577
79.667 3.544
79.674 3.504
79.682 3.474
79.690 3.442
79.697 3.406
79.705 3.383
79.712 3.339
79.719 3.307
79.726 3.284
79.733 3.243
79.740 3.213
79.746 3.181
79.753 3.158
79.759 3.116
79.765 3.089
79.771 3.065
79.777 3.037
79.783 3.010
79.788 2.982
79.794 2.957
79.799 2.930
79.804 2.907
79.809 2.883
79.814 2.858
79.819 2.840
79.823 2.818
79.828 2.794
79.832 2.782
79.836 2.761
79.840 2.738
79.844 2.732
79.847 2.711
79.851 2.690
79.854 2.687
79.857 2.669
79.860 2.650
79.863 2.653
79.866 2.637
79.868 2.617
79.871 2.595
79.874 2.574
79.876 2.571
79.878 2.587
79.880 2.541
79.882 2.596
79.883 2.536
79.885 2.550
79.886 2.594
79.887 2.527
79.888 2.545
79.888 2.601
79.889 2.582
79.889 2.565
79.889 2.623
79.889 2.604
79.889 2.590
79.889 2.582
79.889 2.666
79.889 2.593
79.889 2.593
79.889 2.593
79.889 2.593
79.889 2.593
79.889 2.593
79.889 2.593
79.889 2.593
79.889 2.593
79.889 2.593
79.889 2.593
79.889 2.593
79.889 2.593
79.889 2.593
79.889 2.593
79.889 2.593
79.889 2.593
79.889 2.593
79.889 2.593
79.889 2.593
79.889 2.593
79.889 2.593
79.889 2.593
79.889 2.593
79.889 2.593
79.889 2.593
79.889 2.593
79.889 2.593
79.889 2.593
79.889 2.593
79.889 2.593
79.889 2.593
79.889 2.593
79.889 2.593
79.889 2.593
79.889 2.593
79.889 2.593
79.889 2.593
79.889 2.593
79.889 2.593
79.889 2.593
79.889 2.593
79.889 2.593
79.889 2.593
79.889 2.593
79.889 2.593
79.889 2.593
79.889 2.593
79.889 2.593
79.889 2.593
79.889 2.593
79.889 2.593
79.889 2.593
79.889 2.593
79.889 2.593
79.889 2.593
79.889 2.593
79.889 2.593
79.889 2.593
79.889 2.593
79.889 2.593
79.889 2.593
79.889 2.593
79.889 2.593
79.889 2.593
79.889 2.593
79.889 2.593
79.889 2.593
79.889 2.593
79.889 2.593
79.889 2.593
79.889 2.593
79.889 2.593
79.889 2.593
79.889 2.593
79.889 2.593
79.889 2.593
79.889 2.593
79.889 2.593
79.889 2.593
79.889 2.593
79.889 2.593
79.889 2.593
79.889 2.593
79.889 2.593
79.889 2.593
79.889 2.593
79.889 2.593
79.889 2.593
79.889 2.593
79.889 2.593
79.889 2.593
79.889 2.593
79.889 2.593
79.889 2.593
79.889 2.593
79.889 2.593
79.889 2.593
79.889 2.593
79.889 2.593
79.889 2.593
79.889 2.593
79.889 2.593
79.889 2.593
79.889 2.593
79.889 2.593
79.889 2.593
79.889 2.593
79.889 2.593
79.889 2.593
79.889 2.593
79.889 2.593
79.889 2.593
79.889 2.593
79.889 2.593
79.889 2.593
79.889 2.593
79.889 2.593
79.889 2.593
79.889 2.593
79.889 2.593
79.889 2.593
79.889 2.593
79.889 2.593
79.889 2.593
79.889 2.593
79.889 2.593
79.889 2.593
79.889 2.593
79.889 2.593
79.889 2.593
79.889 2.593
79.889 2.593
79.889 2.593
79.889 2.593
79.889 2.593
79.889 2.593
79.889 2.593
79.889 2.593
79.889 2.593
79.889 2.593
79.889 2.593
79.889 2.593
79.889 2.593
79.889 2.593
79.889 2.593
79.889 2.593
79.889 2.593
79.889 2.593
79.889 2.593
79.889 2.593
79.889 2.593
79.889 2.593
79.889 2.593
79.889 2.593
79.889 2.593
79.889 2.593
79.889 2.593
79.889 2.593
79.889 2.593
79.889 2.593
79.889 2.593
79.889 2.593
79.889 2.593
79.889 2.593
79.889 2.593
79.889 2.593
79.889 2.593
79.889 2.593
79.889 2.593
79.889 2.593
79.889 2.593
79.889 2.593
79.889 2.593
79.889 2.593
79.889 2.593
79.889 2.593
79.889 2.593
79.889 2.593
79.889 2.593
79.889 2.593
79.889 2.593
79.889 2.593
79.889 2.593
79.889 2.593
79.889 2.593
79.889 2.593
79.889 2.593
79.889 2.593
79.889 2.593
79.889 2.593
79.889 2.593
79.889 2.593
79.889 2.593
79.889 2.593
79.889 2.593
79.889 2.593
79.889 2.593
79.889 2.593
79.889 2.593
79.889 2.593
79.889 2.593
79.889 2.593
79.889 2.593
79.889 2.593
79.889 2.593
79.889 2.593
79.889 2.593
79.889 2.593
79.889 2.593
79.889 2.593
79.889 2.593
79.889 2.593
79.889 2.593
79.889 2.593
79.889 2.593
79.889 2.593
79.889 2.593
79.889 2.593
79.889 2.593
79.889 2.593
79.889 2.593
79.889 2.593
79.889 2.593
79.889 2.593
79.889 2.593
79.889 2.593
79.889 2.593
79.889 2.593
79.889 2.593
79.889 2.593
79.889 2.593
79.889 2.593
79.889 2.593
79.889 2.593
79.889 2.593
79.889 2.593
79.889 2.593
79.889 2.593
79.889 2.593
79.889 2.593
79.889 2.593
79.889 2.593
79.889 2.593
79.889 2.593
79.889 2.593
79.889 2.593
79.889 2.593
79.889 2.593
79.889 2.593
79.889 2.593
79.889 2.593
79.889 2.593
79.889 2.593
79.889 2.593
79.889 2.593
79.889 2.593
79.889 2.593
79.889 2.593
79.889 2.593
79.889 2.593
79.889 2.593
79.889 2.593
79.889 2.593
79.889 2.593
79.889 2.593
79.889 2.593
79.889 2.593
79.889 2.593
79.889 2.593
79.889 2.593
79.889 2.593
79.889 2.593
79.889 2.593
79.889 2.593
79.889 2.593
79.889 2.593
79.889 2.593
79.889 2.593
79.889 2.593
79.889 2.593
79.889 2.593
79.889 2.593
79.889 2.593
79.889 2.593
79.889 2.593
79.889 2.593
79.889 2.593
79.889 2.593
79.889 2.593
79.889 2.593
79.889 2.593
79.889 2.593
79.889 2.593
79.889 2.593
79.889 2.593
79.889 2.593
79.889 2.593
79.889 2.593
79.889 2.593
79.889 2.593
79.889 2.593
79.889 2.593
79.889 2.593
79.889 2.593
79.889 2.593
79.889 2.593
79.889 2.593
79.889 2.593
79.889 2.593
79.889 2.593
79.889 2.593
79.889 2.593
79.889 2.593
79.889 2.593
79.889 2.593
79.889 2.593
79.889 2.593
79.889 2.593
79.889 2.593
79.889 2.593
79.889 2.593
79.889 2.593
79.889 2.593
79.889 2.593
79.889 2.593
79.889 2.593
79.889 2.593
79.889 2.593
79.889 2.593
79.889 2.593
79.889 2.593
79.889 2.593
79.889 2.593
79.889 2.593
79.889 2.593
79.889 2.593
79.889 2.593
79.889 2.593
79.889 2.593
79.889 2.593
79.889 2.593
79.889 2.593
79.889 2.593
79.889 2.593
79.889 2.593
79.889 2.593
79.889 2.593
79.889 2.593
79.889 2.593
79.889 2.593
79.889 2.593
79.889 2.593
79.889 2.593
79.889 2.593
79.889 2.593
79.889 2.593
79.889 2.593
79.889 2.593
79.889 2.593
79.889 2.593
79.889 2.593
79.889 2.593
79.889 2.593
79.889 2.593
79.889 2.593
79.889 2.593
79.889 2.593
79.889 2.593
79.889 2.593
79.889 2.593
79.889 2.593
79.889 2.593
79.889 2.593
79.889 2.593
79.889 2.593
79.889 2.593
79.889 2.593
79.889 2.593
79.889 2.593
79.889 2.593
79.889 2.593
79.889 2.593
79.889 2.593
79.889 2.593
79.889 2.593
79.889 2.593
79.889 2.593
79.889 2.593
79.889 2.593
79.889 2.593
79.889 2.593
79.889 2.593
79.889 2.593
79.889 2.593
79.889 2.593
79.889 2.593
79.889 2.593
79.889 2.593
79.889 2.593
79.889 2.593
79.889 2.593
79.889 2.593
79.889 2.593
79.889 2.593
79.889 2.593
79.889 2.593
79.889 2.593
79.889 2.593
79.889 2.593
79.889 2.593
79.889 2.593
79.889 2.593
79.889 2.593
79.889 2.593
79.889 2.593
79.889 2.593
79.889 2.593
79.889 2.593
79.889 2.593
79.889 2.593
79.889 2.593
79.889 2.593
79.889 2.593
79.889 2.593
79.889 2.593
79.889 2.593
79.889 2.593
79.889 2.593
79.889 2.593
79.889 2.593
79.889 2.593
79.889 2.593
79.889 2.593
79.889 2.593
79.889 2.593
79.889 2.593
79.889 2.593
79.889 2.593
79.889 2.593
79.889 2.593
79.889 2.593
79.889 2.593
79.889 2.593
79.889 2.593
79.889 2.593
79.889 2.593
79.889 2.593
79.889 2.593
79.889 2.593
79.889 2.593
79.889 2.593
79.889 2.593
79.889 2.593
79.889 2.593
79.889 2.593
79.889 2.593
79.889 2.593
79.889 2.593
79.889 2.593
79.889 2.593
79.889 2.593
79.889 2.593
79.889 2.593
79.889 2.593
79.889 2.593
79.889 2.593
79.889 2.593
79.889 2.593
79.889 2.593
79.889 2.593
79.889 2.593
79.889 2.593
79.889 2.593
79.889 2.593
79.889 2.593
79.889 2.593
79.889 2.593
79.889 2.593
79.889 2.593
79.889 2.593
79.889 2.593
79.889 2.593
79.889 2.593
79.889 2.593
79.889 2.593
79.889 2.593
79.889 2.593
79.889 2.593
79.889 2.593
79.889 2.593
79.889 2.593
79.889 2.593
79.889 2.593
79.889 2.593
79.889 2.593
79.889 2.593
79.889 2.593
79.889 2.593
79.889 2.593
79.889 2.593
79.889 2.593
79.889 2.593
79.889 2.593
79.889 2.593
79.889 2.593
79.889 2.593
79.889 2.593
79.889 2.593
79.889 2.593
79.889 2.593
79.889 2.593
79.889 2.593
79.889 2.593
79.889 2.593
79.889 2.593
79.889 2.593
79.889 2.593
79.889 2.593
79.889 2.593
79.889 2.593
79.889 2.593
79.889 2.593
79.889 2.593
79.889 2.593
79.889 2.593
79.889 2.593
79.889 2.593
79.889 2.593
79.889 2.593
79.889 2.593
79.889 2.593
79.889 2.593
79.889 2.593
79.889 2.593
79.889 2.593
79.889 2.593
79.889 2.593
79.889 2.593
79.889 2.593
79.889 2.593
79.889 2.593
79.889 2.593
79.889 2.593
79.889 2.593
79.889 2.593
79.889 2.593
79.889 2.593
79.889 2.593
79.889 2.593
79.889 2.593
79.889 2.593
79.889 2.593
79.889 2.593
79.889 2.593
79.889 2.593
79.889 2.593
79.889 2.593
79.889 2.593
79.889 2.593
79.889 2.593
79.889 2.593
79.889 2.593
79.889 2.593
79.889 2.593
79.889 2.593
79.889 2.593
79.889 2.593
79.889 2.593
79.889 2.593
79.889 2.593
79.889 2.593
79.889 2.593
79.889 2.593
79.889 2.593
79.889 2.593
79.889 2.593
79.889 2.593
79.889 2.593
79.889 2.593
79.889 2.593
79.889 2.593
79.889 2.593
79.889 2.593
79.889 2.593
79.889 2.593
79.889 2.593
79.889 2.593
79.889 2.593
79.889 2.593
79.889 2.593
79.889 2.593
79.889 2.593
79.889 2.593
79.889 2.593
79.889 2.593
79.889 2.593
79.889 2.593
79.889 2.593
79.889 2.593
79.889 2.593
79.889 2.593
79.889 2.593
79.889 2.593
79.889 2.593
79.889 2.593
79.889 2.593
79.889 2.593
79.889 2.593
79.889 2.593
79.889 2.593
79.889 2.593
79.889 2.593
79.889 2.593
79.889 2.593
79.889 2.593
79.889 2.593
79.889 2.593
79.889 2.593
79.889 2.593
79.889 2.593
79.889 2.593
79.889 2.593
79.889 2.593
79.889 2.593
79.889 2.593
79.889 2.593
79.889 2.593
79.889 2.593
79.889 2.593
79.889 2.593
79.889 2.593
79.889 2.593
79.889 2.593
79.889 2.593
79.889 2.593
79.889 2.593
79.889 2.593
79.889 2.593
79.889 2.593
79.889 2.593
79.889 2.593
79.889 2.593
79.889 2.593
79.889 2.593
79.889 2.593
79.889 2.593
79.889 2.593
79.889 2.593
79.889 2.593
79.889 2.593
79.889 2.593
79.889 2.593
79.889 2.593
79.889 2.593
79.889 2.593
79.889 2.593
79.889 2.593
79.889 2.593
79.889 2.593
79.889 2.593
79.889 2.593
79.889 2.593
79.889 2.593
79.889 2.593
79.889 2.593
79.889 2.593
79.889 2.593
79.889 2.593
79.889 2.593
79.889 2.593
79.889 2.593
79.889 2.593
79.889 2.593
79.889 2.593
79.889 2.593
79.889 2.593
79.889 2.593
79.889 2.593
79.889 2.593
79.889 2.593
79.889 2.593
79.889 2.593
79.889 2.593
79.889 2.593
79.889 2.593
79.889 2.593
79.889 2.593
79.889 2.593
79.889 2.593
79.889 2.593
79.889 2.593
79.889 2.593
79.889 2.593
79.889 2.593
79.889 2.593
79.889 2.593
79.889 2.593
79.889 2.593
79.889 2.593
79.889 2.593
79.889 2.593
79.889 2.593
79.889 2.593
79.889 2.593
79.889 2.593
79.889 2.593
79.889 2.593
79.889 2.593
79.889 2.593
79.889 2.593
79.889 2.593
79.889 2.593
79.889 2.593
79.889 2.593
79.889 2.593
79.889 2.593
79.889 2.593
79.889 2.593
79.889 2.593
79.889 2.593
79.889 2.593
79.889 2.593
79.889 2.593
79.889 2.593
79.889 2.593
79.889 2.593
79.889 2.593
79.889 2.593
79.889 2.593
79.889 2.593
79.889 2.593
79.889 2.593
79.889 2.593
79.889 2.593
79.889 2.593
79.889 2.593
79.889 2.593
79.889 2.593
79.889 2.593
79.889 2.593
79.889 2.593
79.889 2.593
79.889 2.593
79.889 2.593
79.889 2.593
79.889 2.593
79.889 2.593
79.889 2.593
79.889 2.593
79.889 2.593
79.889 2.593
79.889 2.593
79.889 2.593
79.889 2.593
79.889 2.593
79.889 2.593
79.889 2.593
79.889 2.593
79.889 2.593
79.889 2.593
79.889 2.593
79.889 2.593
79.889 2.593
79.889 2.593
79.889 2.593
79.889 2.593
79.889 2.593
79.889 2.593
79.889 2.593
79.889 2.593
79.889 2.593
79.889 2.593
79.889 2.593
79.889 2.593
79.889 2.593
79.889 2.593
79.889 2.593
79.889 2.593
79.889 2.593
79.889 2.593
79.889 2.593
79.889 2.593
79.889 2.593
79.889 2.593
79.889 2.593
79.889 2.593
79.889 2.593
79.889 2.593
79.889 2.593
79.889 2.593
79.889 2.593
79.889 2.593
79.889 2.593
79.889 2.593
79.889 2.593
79.889 2.593
79.889 2.593
79.889 2.593
79.889 2.593
79.889 2.593
79.889 2.593
79.889 2.593
79.889 2.593
79.889 2.593
79.889 2.593
79.889 2.593
79.889 2.593
79.889 2.593
79.889 2.593
79.889 2.593
79.889 2.593
79.889 2.593
79.889 2.593
79.889 2.593
79.889 2.593
79.889 2.593
79.889 2.593
79.889 2.593
79.889 2.593
79.889 2.593
79.889 2.593
79.889 2.593
79.889 2.593
79.889 2.593
79.889 2.593
79.889 2.593
79.889 2.593
79.889 2.593
79.889 2.593
79.889 2.593
79.889 2.593
79.889 2.593
79.889 2.593
79.889 2.593
79.889 2.593
79.889 2.593
79.889 2.593
79.889 2.593
79.889 2.593
79.889 2.593
79.889 2.593
79.889 2.593
79.889 2.593
79.889 2.593
79.889 2.593
79.889 2.593
79.889 2.593
79.889 2.593
79.889 2.593
79.889 2.593
79.889 2.593
79.889 2.593
79.889 2.593
79.889 2.593
79.889 2.593
79.889 2.593
79.889 2.593
79.889 2.593
79.889 2.593
79.889 2.593
79.889 2.593
79.889 2.593
79.889 2.593
79.889 2.593
79.889 2.593
79.889 2.593
79.889 2.593
79.889 2.593
79.889 2.593
79.889 2.593
79.889 2.593
79.889 2.593
79.889 2.593
79.889 2.593
79.889 2.593
79.889 2.593
79.889 2.593
79.889 2.593
79.889 2.593
79.889 2.593
79.889 2.593
79.889 2.593
79.889 2.593
79.889 2.593
79.889 2.593
79.889 2.593
79.889 2.593
79.889 2.593
79.889 2.593
79.889 2.593
79.889 2.593
79.889 2.593
79.889 2.593
79.889 2.593
79.889 2.593
79.889 2.593
79.889 2.593
79.889 2.593
79.889 2.593
79.889 2.593
79.889 2.593
79.889 2.593
79.889 2.593
79.889 2.593
79.889 2.593
79.889 2.593
79.889 2.593
79.889 2.593
79.889 2.593
79.889 2.593
79.889 2.593
79.889 2.593
79.889 2.593
79.889 2.593
79.889 2.593
79.889 2.593
79.889 2.593
79.889 2.593
79.889 2.593
79.889 2.593
79.889 2.593
79.889 2.593
79.889 2.593
79.889 2.593
79.889 2.593
79.889 2.593
79.889 2.593
79.889 2.593
79.889 2.593
79.889 2.593
79.889 2.593
79.889 2.593
79.889 2.593
79.889 2.593
79.889 2.593
79.889 2.593
79.889 2.593
79.889 2.593
79.889 2.593
79.889 2.593
79.889 2.593
79.889 2.593
79.889 2.593
79.889 2.593
79.889 2.593
79.889 2.593
79.889 2.593
79.889 2.593
79.889 2.593
79.889 2.593
79.889 2.593
79.889 2.593
79.889 2.593
79.889 2.593
79.889 2.593
79.889 2.593
79.889 2.593
79.889 2.593
79.889 2.593
79.889 2.593
79.889 2.593
79.889 2.593
79.889 2.593
79.889 2.593
79.889 2.593
79.889 2.593
79.889 2.593
79.889 2.593
79.889 2.593
79.889 2.593
79.889 2.593
79.889 2.593
79.889 2.593
79.889 2.593
79.889 2.593
79.889 2.593
79.889 2.593
79.889 2.593
79.889 2.593
79.889 2.593
79.889 2.593
79.889 2.593
79.889 2.593
79.889 2.593
79.889 2.593
79.889 2.593
79.889 2.593
79.889 2.593
79.889 2.593
79.889 2.593
79.889 2.593
79.889 2.593
79.889 2.593
79.889 2.593
79.889 2.593
79.889 2.593
79.889 2.593
79.889 2.593
79.889 2.593
79.889 2.593
79.889 2.593
79.889 2.593
79.889 2.593
79.889 2.593
79.889 2.593
79.889 2.593
79.889 2.593
79.889 2.593
79.889 2.593
79.889 2.593
79.889 2.593
79.889 2.593
79.889 2.593
79.889 2.593
79.889 2.593
79.889 2.593
79.889 2.593
79.889 2.593
79.889 2.593
79.889 2.593
79.889 2.593
79.889 2.593
79.889 2.593
79.889 2.593
79.889 2.593
79.889 2.593
79.889 2.593
79.889 2.593
79.889 2.593
79.889 2.593
79.889 2.593
79.889 2.593
79.889 2.593
79.889 2.593
79.889 2.593
79.889 2.593
79.889 2.593
79.889 2.593
79.889 2.593
79.889 2.593
79.889 2.593
79.889 2.593
79.889 2.593
79.889 2.593
79.889 2.593
79.889 2.593
79.889 2.593
79.889 2.593
79.889 2.593
79.889 2.593
79.889 2.593
79.889 2.593
79.889 2.593
79.889 2.593
79.889 2.593
79.889 2.593
79.889 2.593
79.889 2.593
79.889 2.593
79.889 2.593
79.889 2.593
79.889 2.593
79.889 2.593
79.889 2.593
79.889 2.593
79.889 2.593
79.889 2.593
79.889 2.593
79.889 2.593
79.889 2.593
79.889 2.593
79.889 2.593
79.889 2.593
79.889 2.593
79.889 2.593
79.889 2.593
79.889 2.593
79.889 2.593
79.889 2.593
79.889 2.593
79.889 2.593
79.889 2.593
79.889 2.593
79.889 2.593
79.889 2.593
79.889 2.593
79.889 2.593
79.889 2.593
79.889 2.593
79.889 2.593
79.889 2.593
79.889 2.593
79.889 2.593
79.889 2.593
79.889 2.593
79.889 2.593
79.889 2.593
79.889 2.593
79.889 2.593
79.889 2.593
79.889 2.593
79.889 2.593
79.889 2.593
79.889 2.593
79.889 2.593
79.889 2.593
79.889 2.593
79.889 2.593
79.889 2.593
79.889 2.593
79.889 2.593
79.889 2.593
79.889 2.593
79.889 2.593
79.889 2.593
79.889 2.593
79.889 2.593
79.889 2.593
79.889 2.593
79.889 2.593
79.889 2.593
79.889 2.593
79.889 2.593
79.889 2.593
79.889 2.593
79.889 2.593
79.889 2.593
79.889 2.593
79.889 2.593
79.889 2.593
79.889 2.593
79.889 2.593
79.889 2.593
79.889 2.593
79.889 2.593
79.889 2.593
79.889 2.593
79.889 2.593
79.889 2.593
79.889 2.593
79.889 2.593
79.889 2.593
79.889 2.593
79.889 2.593
79.889 2.593
79.889 2.593
79.889 2.593
79.889 2.593
79.889 2.593
79.889 2.593
79.889 2.593
79.889 2.593
79.889 2.593
79.889 2.593
79.889 2.593
79.889 2.593
79.889 2.593
79.889 2.593
79.889 2.593
79.889 2.593
79.889 2.593
79.889 2.593
79.889 2.593
79.889 2.593
79.889 2.593
79.889 2.593
79.889 2.593
79.889 2.593
79.889 2.593
79.889 2.593
79.889 2.593
79.889 2.593
79.889 2.593
79.889 2.593
79.889 2.593
79.889 2.593
79.889 2.593
79.889 2.593
79.889 2.593
79.889 2.593
79.889 2.593
79.889 2.593
79.889 2.593
79.889 2.593
79.889 2.593
79.889 2.593
79.889 2.593
79.889 2.593
79.889 2.593
79.889 2.593
79.889 2.593
79.889 2.593
79.889 2.593
79.889 2.593
79.889 2.593
79.889 2.593
79.889 2.593
79.889 2.593
79.889 2.593
79.889 2.593
79.889 2.593
79.889 2.593
79.889 2.593
79.889 2.593
79.889 2.593
79.889 2.593
79.889 2.593
79.889 2.593
79.889 2.593
79.889 2.593
79.889 2.593
79.889 2.593
79.889 2.593
79.889 2.593
79.889 2.593
79.889 2.593
79.889 2.593
79.889 2.593
79.889 2.593
79.889 2.593
79.889 2.593
79.889 2.593
79.889 2.593
79.889 2.593
79.889 2.593
79.889 2.593
79.889 2.593
79.889 2.593
79.889 2.593
79.889 2.593
79.889 2.593
79.889 2.593
79.889 2.593
79.889 2.593
79.889 2.593
79.889 2.593
79.889 2.593
79.889 2.593
79.889 2.593
79.889 2.593
79.889 2.593
79.889 2.593
79.889 2.593
79.889 2.593
79.889 2.593
79.889 2.593
79.889 2.593
79.889 2.593
79.889 2.593
79.889 2.593
79.889 2.593
79.889 2.593
79.889 2.593
79.889 2.593
79.889 2.593
79.889 2.593
79.889 2.593
79.889 2.593
79.889 2.593
79.889 2.593
79.889 2.593
79.889 2.593
79.889 2.593
79.889 2.593
79.889 2.593
79.889 2.593
79.889 2.593
79.889 2.593
79.889 2.593
79.889 2.593
79.889 2.593
79.889 2.593
79.889 2.593
79.889 2.593
79.889 2.593
79.889 2.593
79.889 2.593
79.889 2.593
79.889 2.593
79.889 2.593
79.889 2.593
79.889 2.593
79.889 2.593
79.889 2.593
79.889 2.593
79.889 2.593
79.889 2.593
79.889 2.593
79.889 2.593
79.889 2.593
79.889 2.593
79.889 2.593
79.889 2.593
79.889 2.593
79.889 2.593
79.889 2.593
79.889 2.593
79.889 2.593
79.889 2.593
79.889 2.593
79.889 2.593
79.889 2.593
79.889 2.593
79.889 2.593
79.889 2.593
79.889 2.593
79.889 2.593
79.889 2.593
79.889 2.593
79.889 2.593
79.889 2.593
79.889 2.593
79.889 2.593
79.889 2.593
79.889 2.593
79.889 2.593
79.889 2.593
79.889 2.593
79.889 2.593
79.889 2.593
79.889 2.593
79.889 2.593
79.889 2.593
79.889 2.593
79.889 2.593
79.889 2.593
79.889 2.593
79.889 2.593
79.889 2.593
79.889 2.593
79.889 2.593
79.889 2.593
79.889 2.593
79.889 2.593
79.889 2.593
79.889 2.593
79.889 2.593
79.889 2.593
79.889 2.593
79.889 2.593
79.889 2.593
79.889 2.593
79.889 2.593
79.889 2.593
79.889 2.593
79.889 2.593
79.889 2.593
79.889 2.593
79.889 2.593
79.889 2.593
79.889 2.593
79.889 2.593
79.889 2.593
79.889 2.593
79.889 2.593
79.889 2.593
79.889 2.593
79.889 2.593
79.889 2.593
79.889 2.593
79.889 2.593
79.889 2.593
79.889 2.593
79.889 2.593
79.889 2.593
79.889 2.593
79.889 2.593
79.889 2.593
79.889 2.593
79.889 2.593
79.889 2.593
79.889 2.593
79.889 2.593
79.889 2.593
79.889 2.593
79.889 2.593
79.889 2.593
79.889 2.593
79.889 2.593
79.889 2.593
79.889 2.593
79.889 2.593
79.889 2.593
79.889 2.593
79.889 2.593
79.889 2.593
79.889 2.593
79.889 2.593
79.889 2.593
79.889 2.593
79.889 2.593
79.889 2.593
79.889 2.593
79.889 2.593
79.889 2.593
79.889 2.593
79.889 2.593
79.889 2.593
79.889 2.593
79.889 2.593
79.889 2.593
79.889 2.593
79.889 2.593
79.889 2.593
79.889 2.593
79.889 2.593
79.889 2.593
79.889 2.593
79.889 2.593
79.889 2.593
79.889 2.593
79.889 2.593
79.889 2.593
79.889 2.593
79.889 2.593
79.889 2.593
79.889 2.593
79.889 2.593
79.889 2.593
79.889 2.593
79.889 2.593
79.889 2.593
79.889 2.593
79.889 2.593
79.889 2.593
79.889 2.593
79.889 2.593
79.889 2.593
79.889 2.593
79.889 2.593
79.889 2.593
79.889 2.593
79.889 2.593
79.889 2.593
79.889 2.593
79.889 2.593
79.889 2.593
79.889 2.593
79.889 2.593
79.889 2.593
79.889 2.593
79.889 2.593
79.889 2.593
79.889 2.593
79.889 2.593
79.889 2.593
79.889 2.593
79.889 2.593
79.889 2.593
79.889 2.593
79.889 2.593
79.889 2.593
79.889 2.593
79.889 2.593
79.889 2.593
79.889 2.593
79.889 2.593
79.889 2.593
79.889 2.593
79.889 2.593
79.889 2.593
79.889 2.593
79.889 2.593
79.889 2.593
79.889 2.593
79.889 2.593
79.889 2.593
79.889 2.593
79.889 2.593
79.889 2.593
79.889 2.593
79.889 2.593
79.889 2.593
79.889 2.593
79.889 2.593
79.889 2.593
79.889 2.593
79.889 2.593
79.889 2.593
79.889 2.593
79.889 2.593
79.889 2.593
79.889 2.593
79.889 2.593
79.889 2.593
79.889 2.593
79.889 2.593
79.889 2.593
79.889 2.593
79.889 2.593
79.889 2.593
79.889 2.593
79.889 2.593
79.889 2.593
79.889 2.593
79.889 2.593
79.889 2.593
79.889 2.593
79.889 2.593
79.889 2.593
79.889 2.593
79.889 2.593
79.889 2.593
79.889 2.593
79.889 2.593
79.889 2.593
79.889 2.593
79.889 2.593
79.889 2.593
79.889 2.593
79.889 2.593
79.889 2.593
79.889 2.593
79.889 2.593
79.889 2.593
79.889 2.593
79.889 2.593
79.889 2.593
79.889 2.593
79.889 2.593
79.889 2.593
79.889 2.593
79.889 2.593
79.889 2.593
79.889 2.593
79.889 2.593
79.889 2.593
79.889 2.593
79.889 2.593
79.889 2.593
79.889 2.593
79.889 2.593
79.889 2.593
79.889 2.593
79.889 2.593
79.889 2.593
79.889 2.593
79.889 2.593
79.889 2.593
79.889 2.593
79.889 2.593
79.889 2.593
79.889 2.593
79.889 2.593
79.889 2.593
79.889 2.593
79.889 2.593
79.889 2.593
79.889 2.593
79.889 2.593
79.889 2.593
79.889 2.593
79.889 2.593
79.889 2.593
79.889 2.593
79.889 2.593
79.889 2.593
79.889 2.593
79.889 2.593
79.889 2.593
79.889 2.593
79.889 2.593
79.889 2.593
79.889 2.593
79.889 2.593
79.889 2.593
79.889 2.593
79.889 2.593
79.889 2.593
79.889 2.593
79.889 2.593
79.889 2.593
79.889 2.593
79.889 2.593
79.889 2.593
79.889 2.593
79.889 2.593
79.889 2.593
79.889 2.593
79.889 2.593
79.889 2.593
79.889 2.593
79.889 2.593
79.889 2.593
79.889 2.593
79.889 2.593
79.889 2.593
79.889 2.593
79.889 2.593
79.889 2.593
79.889 2.593
79.889 2.593
79.889 2.593
79.889 2.593
79.889 2.593
79.889 2.593
79.889 2.593
79.889 2.593
79.889 2.593
79.889 2.593
79.889 2.593
79.889 2.593
79.889 2.593
79.889 2.593
79.889 2.593
79.889 2.593
79.889 2.593
79.889 2.593
79.889 2.593
79.889 2.593
79.889 2.593
79.889 2.593
79.889 2.593
79.889 2.593
79.889 2.593
79.889 2.593
79.889 2.593
79.889 2.593
79.889 2.593
79.889 2.593
79.889 2.593
79.889 2.593
79.889 2.593
79.889 2.593
79.889 2.593
79.889 2.593
79.889 2.593
79.889 2.593
79.889 2.593
79.889 2.593
79.889 2.593
79.889 2.593
79.889 2.593
79.889 2.593
79.889 2.593
79.889 2.593
79.889 2.593
79.889 2.593
79.889 2.593
79.889 2.593
79.889 2.593
79.889 2.593
79.889 2.593
79.889 2.593
79.889 2.593
79.889 2.593
79.889 2.593
79.889 2.593
79.889 2.593
79.889 2.593
79.889 2.593
79.889 2.593
79.889 2.593
79.889 2.593
79.889 2.593
79.889 2.593
79.889 2.593
79.889 2.593
79.889 2.593
79.889 2.593
79.889 2.593
79.889 2.593
79.889 2.593
79.889 2.593
79.889 2.593
79.889 2.593
79.889 2.593
79.889 2.593
79.889 2.593
79.889 2.593
79.889 2.593
79.889 2.593
79.889 2.593
79.889 2.593
79.889 2.593
79.889 2.593
79.889 2.593
79.889 2.593
79.889 2.593
79.889 2.593
79.889 2.593
79.889 2.593
79.889 2.593
79.889 2.593
79.889 2.593
79.889 2.593
79.889 2.593
79.889 2.593
79.889 2.593
79.889 2.593
79.889 2.593
79.889 2.593
79.889 2.593
79.889 2.593
79.889 2.593
79.889 2.593
79.889 2.593
79.889 2.593
79.889 2.593
79.889 2.593
79.889 2.593
79.889 2.593
79.889 2.593
79.889 2.593
79.889 2.593
79.889 2.593
79.889 2.593
79.889 2.593
79.889 2.593
79.889 2.593
79.889 2.593
79.889 2.593
79.889 2.593
79.889 2.593
79.889 2.593
79.889 2.593
79.889 2.593
79.889 2.593
79.889 2.593
79.889 2.593
79.889 2.593
79.889 2.593
79.889 2.593
79.889 2.593
79.889 2.593
79.889 2.593
79.889 2.593
79.889 2.593
79.889 2.593
79.889 2.593
79.889 2.593
79.889 2.593
79.889 2.593
79.889 2.593
79.889 2.593
79.889 2.593
79.889 2.593
79.889 2.593
79.889 2.593
79.889 2.593
79.889 2.593
79.889 2.593
79.889 2.593
79.889 2.593
79.889 2.593
79.889 2.593
79.889 2.593
79.889 2.593
79.889 2.593
79.889 2.593
79.889 2.593
79.889 2.593
79.889 2.593
79.889 2.593
79.889 2.593
79.889 2.593
79.889 2.593
79.889 2.593
79.889 2.593
79.889 2.593
79.889 2.593
79.889 2.593
79.889 2.593
79.889 2.593
79.889 2.593
79.889 2.593
79.889 2.593
79.889 2.593
79.889 2.593
79.889 2.593
79.889 2.593
79.889 2.593
79.889 2.593
79.889 2.593
79.889 2.593
79.889 2.593
79.889 2.593
79.889 2.593
79.889 2.593
79.889 2.593
79.889 2.593
79.889 2.593
79.889 2.593
79.889 2.593
79.889 2.593
79.889 2.593
79.889 2.593
79.889 2.593
79.889 2.593
79.889 2.593
79.889 2.593
79.889 2.593
79.889 2.593
79.889 2.593
79.889 2.593
79.889 2.593
79.889 2.593
79.889 2.593
79.889 2.593
79.889 2.593
79.889 2.593
79.889 2.593
79.889 2.593
79.889 2.593
79.889 2.593
79.889 2.593
79.889 2.593
79.889 2.593
79.889 2.593
79.889 2.593
79.889 2.593
79.889 2.593
79.889 2.593
79.889 2.593
79.889 2.593
79.889 2.593
79.889 2.593
79.889 2.593
79.889 2.593
79.889 2.593
79.889 2.593
79.889 2.593
79.889 2.593
79.889 2.593
79.889 2.593
79.889 2.593
79.889 2.593
79.889 2.593
79.889 2.593
79.889 2.593
79.889 2.593
79.889 2.593
79.889 2.593
79.889 2.593
79.889 2.593
79.889 2.593
79.889 2.593
79.889 2.593
79.889 2.593
79.889 2.593
79.889 2.593
79.889 2.593
79.889 2.593
79.889 2.593
79.889 2.593
79.889 2.593
79.889 2.593
79.889 2.593
79.889 2.593
79.889 2.593
79.889 2.593
79.889 2.593
79.889 2.593
79.889 2.593
79.889 2.593
79.889 2.593
79.889 2.593
79.889 2.593
79.889 2.593
79.889 2.593
79.889 2.593
79.889 2.593
79.889 2.593
79.889 2.593
79.889 2.593
79.889 2.593
79.889 2.593
79.889 2.593
79.889 2.593
79.889 2.593
79.889 2.593
79.889 2.593
79.889 2.593
79.889 2.593
79.889 2.593
79.889 2.593
79.889 2.593
79.889 2.593
79.889 2.593
79.889 2.593
79.889 2.593
79.889 2.593
79.889 2.593
79.889 2.593
79.889 2.593
79.889 2.593
79.889 2.593
79.889 2.593
79.889 2.593
79.889 2.593
79.889 2.593
79.889 2.593
79.889 2.593
79.889 2.593
79.889 2.593
79.889 2.593
79.889 2.593
79.889 2.593
79.889 2.593
79.889 2.593
79.889 2.593
79.889 2.593
79.889 2.593
79.889 2.593
79.889 2.593
79.889 2.593
79.889 2.593
79.889 2.593
79.889 2.593
79.889 2.593
79.889 2.593
79.889 2.593
79.889 2.593
79.889 2.593
79.889 2.593
79.889 2.593
79.889 2.593
79.889 2.593
79.889 2.593
79.889 2.593
79.889 2.593
79.889 2.593
79.889 2.593
79.889 2.593
79.889 2.593
79.889 2.593
79.889 2.593
79.889 2.593
79.889 2.593
79.889 2.593
79.889 2.593
79.889 2.593
79.889 2.593
79.889 2.593
79.889 2.593
79.889 2.593
79.889 2.593
79.889 2.593
79.889 2.593
79.889 2.593
79.889 2.593
79.889 2.593
79.889 2.593
79.889 2.593
79.889 2.593
79.889 2.593
79.889 2.593
79.889 2.593
79.889 2.593
79.889 2.593
79.889 2.593
79.889 2.593
79.889 2.593
79.889 2.593
79.889 2.593
79.889 2.593
79.889 2.593
79.889 2.593
79.889 2.593
79.889 2.593
79.889 2.593
79.889 2.593
79.889 2.593
79.889 2.593
79.889 2.593
79.889 2.593
79.889 2.593
79.889 2.593
79.889 2.593
79.889 2.593
79.889 2.593
79.889 2.593
79.889 2.593
79.889 2.593
79.889 2.593
79.889 2.593
79.889 2.593
79.889 2.593
79.889 2.593
79.889 2.593
79.889 2.593
79.889 2.593
79.889 2.593
79.889 2.593
79.889 2.593
79.889 2.593
79.889 2.593
79.889 2.593
79.889 2.593
79.889 2.593
79.889 2.593
79.889 2.593
79.889 2.593
79.889 2.593
79.889 2.593
79.889 2.593
79.889 2.593
79.889 2.593
79.889 2.593
79.889 2.593
79.889 2.593
79.889 2.593
79.889 2.593
79.889 2.593
79.889 2.593
79.889 2.593
79.889 2.593
79.889 2.593
79.889 2.593
79.889 2.593
79.889 2.593
79.889 2.593
79.889 2.593
79.889 2.593
79.889 2.593
79.889 2.593
79.889 2.593
79.889 2.593
79.889 2.593
79.889 2.593
79.889 2.593
79.889 2.593
79.889 2.593
79.889 2.593
79.889 2.593
79.889 2.593
79.889 2.593
79.889 2.593
79.889 2.593
79.889 2.593
79.889 2.593
79.889 2.593
79.889 2.593
79.889 2.593
79.889 2.593
79.889 2.593
79.889 2.593
79.889 2.593
79.889 2.593
79.889 2.593
79.889 2.593
79.889 2.593
79.889 2.593
79.889 2.593
79.889 2.593
79.889 2.593
79.889 2.593
79.889 2.593
79.889 2.593
79.889 2.593
79.889 2.593
79.889 2.593
79.889 2.593
79.889 2.593
79.889 2.593
79.889 2.593
79.889 2.593
79.889 2.593
79.889 2.593
79.889 2.593
79.889 2.593
79.889 2.593
79.889 2.593
79.889 2.593
79.889 2.593
79.889 2.593
79.889 2.593
79.889 2.593
79.889 2.593
79.889 2.593
79.889 2.593
79.889 2.593
79.889 2.593
79.889 2.593
79.889 2.593
79.889 2.593
79.889 2.593
79.889 2.593
79.889 2.593
79.889 2.593
79.889 2.593
79.889 2.593
79.889 2.593
79.889 2.593
79.889 2.593
79.889 2.593
79.889 2.593
79.889 2.593
79.889 2.593
79.889 2.593
79.889 2.593
79.889 2.593
79.889 2.593
79.889 2.593
79.889 2.593
79.889 2.593
79.889 2.593
79.889 2.593
79.889 2.593
79.889 2.593
79.889 2.593
79.889 2.593
79.889 2.593
79.889 2.593
79.889 2.593
79.889 2.593
79.889 2.593
79.889 2.593
79.889 2.593
79.889 2.593
79.889 2.593
79.889 2.593
79.889 2.593
79.889 2.593
79.889 2.593
79.889 2.593
79.889 2.593
79.889 2.593
79.889 2.593
79.889 2.593
79.889 2.593
79.889 2.593
79.889 2.593
79.889 2.593
79.889 2.593
79.889 2.593
79.889 2.593
79.889 2.593
79.889 2.593
79.889 2.593
79.889 2.593
79.889 2.593
79.889 2.593
79.889 2.593
79.889 2.593
79.889 2.593
79.889 2.593
79.889 2.593
79.889 2.593
79.889 2.593
79.889 2.593
79.889 2.593
79.889 2.593
79.889 2.593
79.889 2.593
79.889 2.593
79.889 2.593
79.889 2.593
79.889 2.593
79.889 2.593
79.889 2.593
79.889 2.593
79.889 2.593
79.889 2.593
79.889 2.593
79.889 2.593
79.889 2.593
79.889 2.593
79.889 2.593
79.889 2.593
79.889 2.593
79.889 2.593
79.889 2.593
79.889 2.593
79.889 2.593
79.889 2.593
79.889 2.593
79.889 2.593
79.889 2.593
79.889 2.593
79.889 2.593
79.889 2.593
79.889 2.593
79.889 2.593
79.889 2.593
79.889 2.593
79.889 2.593
79.889 2.593
79.889 2.593
79.889 2.593
79.889 2.593
79.889 2.593
79.889 2.593
79.889 2.593
79.889 2.593
79.889 2.593
79.889 2.593
79.889 2.593
79.889 2.593
79.889 2.593
79.889 2.593
79.889 2.593
79.889 2.593
79.889 2.593
79.889 2.593
79.889 2.593
79.889 2.593
79.889 2.593
79.889 2.593
79.889 2.593
79.889 2.593
79.889 2.593
79.889 2.593
79.889 2.593
79.889 2.593
79.889 2.593
79.889 2.593
79.889 2.593
79.889 2.593
79.889 2.593
79.889 2.593
79.889 2.593
79.889 2.593
79.889 2.593
79.889 2.593
79.889 2.593
79.889 2.593
79.889 2.593
79.889 2.593
79.889 2.593
79.889 2.593
79.889 2.593
79.889 2.593
79.889 2.593
79.889 2.593
79.889 2.593
79.889 2.593
79.889 2.593
79.889 2.593
79.889 2.593
79.889 2.593
79.889 2.593
79.889 2.593
79.889 2.593
79.889 2.593
79.889 2.593
79.889 2.593
79.889 2.593
79.889 2.593
79.889 2.593
79.889 2.593
79.889 2.593
79.889 2.593
79.889 2.593
79.889 2.593
79.889 2.593
79.889 2.593
79.889 2.593
79.889 2.593
79.889 2.593
79.889 2.593
79.889 2.593
79.889 2.593
79.889 2.593
79.889 2.593
79.889 2.593
79.889 2.593
79.889 2.593
79.889 2.593
79.889 2.593
79.889 2.593
79.889 2.593
79.889 2.593
79.889 2.593
79.889 2.593
79.889 2.593
79.889 2.593
79.889 2.593
79.889 2.593
79.889 2.593
79.889 2.593
79.889 2.593
79.889 2.593
79.889 2.593
79.889 2.593
79.889 2.593
79.889 2.593
79.889 2.593
79.889 2.593
79.889 2.593
79.889 2.593
79.889 2.593
79.889 2.593
79.889 2.593
79.889 2.593
79.889 2.593
79.889 2.593
79.889 2.593
79.889 2.593
79.889 2.593
79.889 2.593
79.889 2.593
79.889 2.593
79.889 2.593
79.889 2.593
79.889 2.593
79.889 2.593
79.889 2.593
79.889 2.593
79.889 2.593
79.889 2.593
79.889 2.593
79.889 2.593
79.889 2.593
79.889 2.593
79.889 2.593
79.889 2.593
79.889 2.593
79.889 2.593
79.889 2.593
79.889 2.593
79.889 2.593
79.889 2.593
79.889 2.593
79.889 2.593
79.889 2.593
79.889 2.593
79.889 2.593
79.889 2.593
79.889 2.593
79.889 2.593
79.889 2.593
79.889 2.593
79.889 2.593
79.889 2.593
79.889 2.593
79.889 2.593
79.889 2.593
79.889 2.593
79.889 2.593
79.889 2.593
79.889 2.593
79.889 2.593
79.889 2.593
79.889 2.593
79.889 2.593
79.889 2.593
79.889 2.593
79.889 2.593
79.889 2.593
79.889 2.593
79.889 2.593
79.889 2.593
79.889 2.593
79.889 2.593
79.889 2.593
79.889 2.593
79.889 2.593
79.889 2.593
79.889 2.593
79.889 2.593
79.889 2.593
79.889 2.593
79.889 2.593
79.889 2.593
79.889 2.593
79.889 2.593
79.889 2.593
79.889 2.593
79.889 2.593
79.889 2.593
79.889 2.593
79.889 2.593
79.889 2.593
79.889 2.593
79.889 2.593
79.889 2.593
79.889 2.593
79.889 2.593
79.889 2.593
79.889 2.593
79.889 2.593
79.889 2.593
79.889 2.593
79.889 2.593
79.889 2.593
79.889 2.593
79.889 2.593
79.889 2.593
79.889 2.593
79.889 2.593
79.889 2.593
79.889 2.593
79.889 2.593
79.889 2.593
79.889 2.593
79.889 2.593
79.889 2.593
79.889 2.593
79.889 2.593
79.889 2.593
79.889 2.593
79.889 2.593
79.889 2.593
79.889 2.593
79.889 2.593
79.889 2.593
79.889 2.593
79.889 2.593
79.889 2.593
79.889 2.593
79.889 2.593
79.889 2.593
79.889 2.593
79.889 2.593
79.889 2.593
79.889 2.593
79.889 2.593
79.889 2.593
79.889 2.593
79.889 2.593
79.889 2.593
79.889 2.593
79.889 2.593
79.889 2.593
79.889 2.593
79.889 2.593
79.889 2.593
79.889 2.593
79.889 2.593
79.889 2.593
79.889 2.593
79.889 2.593
79.889 2.593
79.889 2.593
79.889 2.593
79.889 2.593
79.889 2.593
79.889 2.593
79.889 2.593
79.889 2.593
79.889 2.593
79.889 2.593
79.889 2.593
79.889 2.593
79.889 2.593
79.889 2.593
79.889 2.593
79.889 2.593
79.889 2.593
79.889 2.593
79.889 2.593
79.889 2.593
79.889 2.593
79.889 2.593
79.889 2.593
79.889 2.593
79.889 2.593
79.889 2.593
79.889 2.593
79.889 2.593
79.889 2.593
79.889 2.593
79.889 2.593
79.889 2.593
79.889 2.593
79.889 2.593
79.889 2.593
79.889 2.593
79.889 2.593
79.889 2.593
79.889 2.593
79.889 2.593
79.889 2.593
79.889 2.593
79.889 2.593
79.889 2.593
79.889 2.593
79.889 2.593
79.889 2.593
79.889 2.593
79.889 2.593
79.889 2.593
79.889 2.593
79.889 2.593
79.889 2.593
79.889 2.593
79.889 2.593
79.889 2.593
79.889 2.593
79.889 2.593
79.889 2.593
79.889 2.593
79.889 2.593
79.889 2.593
79.889 2.593
79.889 2.593
79.889 2.593
79.889 2.593
79.889 2.593
79.889 2.593
79.889 2.593
79.889 2.593
79.889 2.593
79.889 2.593
79.889 2.593
79.889 2.593
79.889 2.593
79.889 2.593
79.889 2.593
79.889 2.593
79.889 2.593
79.889 2.593
79.889 2.593
79.889 2.593
79.889 2.593
79.889 2.593
79.889 2.593
79.889 2.593
79.889 2.593
79.889 2.593
79.889 2.593
79.889 2.593
79.889 2.593
79.889 2.593
79.889 2.593
79.889 2.593
79.889 2.593
79.889 2.593
79.889 2.593
79.889 2.593
79.889 2.593
79.889 2.593
79.889 2.593
79.889 2.593
79.889 2.593
79.889 2.593
79.889 2.593
79.889 2.593
79.889 2.593
79.889 2.593
79.889 2.593
79.889 2.593
79.889 2.593
79.889 2.593
79.889 2.593
79.889 2.593
79.889 2.593
79.889 2.593
79.889 2.593
79.889 2.593
79.889 2.593
79.889 2.593
79.889 2.593
79.889 2.593
79.889 2.593
79.889 2.593
79.889 2.593
79.889 2.593
79.889 2.593
79.889 2.593
79.889 2.593
79.889 2.593
79.889 2.593
79.889 2.593
79.889 2.593
79.889 2.593
79.889 2.593
79.889 2.593
79.889 2.593
79.889 2.593
79.889 2.593
79.889 2.593
79.889 2.593
79.889 2.593
79.889 2.593
79.889 2.593
79.889 2.593
79.889 2.593
79.889 2.593
79.889 2.593
79.889 2.593
79.889 2.593
79.889 2.593
79.889 2.593
79.889 2.593
79.889 2.593
79.889 2.593
79.889 2.593
79.889 2.593
79.889 2.593
79.889 2.593
79.889 2.593
79.889 2.593
79.889 2.593
79.889 2.593
79.889 2.593
79.889 2.593
79.889 2.593
79.889 2.593
79.889 2.593
79.889 2.593
79.889 2.593
79.889 2.593
79.889 2.593
79.889 2.593
79.889 2.593
79.889 2.593
79.889 2.593
79.889 2.593
79.889 2.593
79.889 2.593
79.889 2.593
79.889 2.593
79.889 2.593
79.889 2.593
79.889 2.593
79.889 2.593
79.889 2.593
79.889 2.593
79.889 2.593
79.889 2.593
79.889 2.593
79.889 2.593
79.889 2.593
79.889 2.593
79.889 2.593
79.889 2.593
79.889 2.593
79.889 2.593
79.889 2.593
79.889 2.593
79.889 2.593
79.889 2.593
79.889 2.593
79.889 2.593
79.889 2.593
79.889 2.593
79.889 2.593
79.889 2.593
79.889 2.593
79.889 2.593
79.889 2.593
79.889 2.593
79.889 2.593
79.889 2.593
79.889 2.593
79.889 2.593
79.889 2.593
79.889 2.593
79.889 2.593
79.889 2.593
79.889 2.593
79.889 2.593
79.889 2.593
79.889 2.593
79.889 2.593
79.889 2.593
79.889 2.593
79.889 2.593
79.889 2.593
79.889 2.593
79.889 2.593
79.889 2.593
79.889 2.593
79.889 2.593
79.889 2.593
79.889 2.593
79.889 2.593
79.889 2.593
79.889 2.593
79.889 2.593
79.889 2.593
79.889 2.593
79.889 2.593
79.889 2.593
79.889 2.593
79.889 2.593
79.889 2.593
79.889 2.593
79.889 2.593
79.889 2.593
79.889 2.593
79.889 2.593
79.889 2.593
79.889 2.593
79.889 2.593
79.889 2.593
79.889 2.593
79.889 2.593
79.889 2.593
79.889 2.593
79.889 2.593
79.889 2.593
79.889 2.593
79.889 2.593
79.889 2.593
79.889 2.593
79.889 2.593
79.889 2.593
79.889 2.593
79.889 2.593
79.889 2.593
79.889 2.593
79.889 2.593
79.889 2.593
79.889 2.593
79.889 2.593
79.889 2.593
79.889 2.593
79.889 2.593
79.889 2.593
79.889 2.593
79.889 2.593
79.889 2.593
79.889 2.593
79.889 2.593
79.889 2.593
79.889 2.593
79.889 2.593
79.889 2.593
79.889 2.593
79.889 2.593
79.889 2.593
79.889 2.593
79.889 2.593
79.889 2.593
79.889 2.593
79.889 2.593
79.889 2.593
79.889 2.593
79.889 2.593
79.889 2.593
79.889 2.593
79.889 2.593
79.889 2.593
79.889 2.593
79.889 2.593
79.889 2.593
79.889 2.593
79.889 2.593
79.889 2.593
79.889 2.593
79.889 2.593
79.889 2.593
79.889 2.593
79.889 2.593
79.889 2.593
79.889 2.593
79.889 2.593
79.889 2.593
79.889 2.593
79.889 2.593
79.889 2.593
79.889 2.593
79.889 2.593
79.889 2.593
79.889 2.593
79.889 2.593
79.889 2.593
79.889 2.593
79.889 2.593
79.889 2.593
79.889 2.593
79.889 2.593
79.889 2.593
79.889 2.593
79.889 2.593
79.889 2.593
79.889 2.593
79.889 2.593
79.889 2.593
79.889 2.593
79.889 2.593
79.889 2.593
79.889 2.593
79.889 2.593
79.889 2.593
79.889 2.593
79.889 2.593
79.889 2.593
79.889 2.593
79.889 2.593
79.889 2.593
79.889 2.593
79.889 2.593
79.889 2.593
79.889 2.593
79.889 2.593
79.889 2.593
79.889 2.593
79.889 2.593
79.889 2.593
79.889 2.593
79.889 2.593
79.889 2.593
79.889 2.593
79.889 2.593
79.889 2.593
79.889 2.593
79.889 2.593
79.889 2.593
79.889 2.593
79.889 2.593
79.889 2.593
79.889 2.593
79.889 2.593
79.889 2.593
79.889 2.593
79.889 2.593
79.889 2.593
79.889 2.593
79.889 2.593
79.889 2.593
79.889 2.593
79.889 2.593
79.889 2.593
79.889 2.593
79.889 2.593
79.889 2.593
79.889 2.593
79.889 2.593
79.889 2.593
79.889 2.593
79.889 2.593
79.889 2.593
79.889 2.593
79.889 2.593
79.889 2.593
79.889 2.593
79.889 2.593
79.889 2.593
79.889 2.593
79.889 2.593
79.889 2.593
79.889 2.593
79.889 2.593
79.889 2.593
79.889 2.593
79.889 2.593
79.889 2.593
79.889 2.593
79.889 2.593
79.889 2.593
79.889 2.593
79.889 2.593
79.889 2.593
79.889 2.593
79.889 2.593
79.889 2.593
79.889 2.593
79.889 2.593
79.889 2.593
79.889 2.593
79.889 2.593
79.889 2.593
79.889 2.593
79.889 2.593
79.889 2.593
79.889 2.593
79.889 2.593
79.889 2.593
79.889 2.593
79.889 2.593
79.889 2.593
79.889 2.593
79.889 2.593
79.889 2.593
79.889 2.593
79.889 2.593
79.889 2.593
79.889 2.593
79.889 2.593
79.889 2.593
79.889 2.593
79.889 2.593
79.889 2.593
79.889 2.593
79.889 2.593
79.889 2.593
79.889 2.593
79.889 2.593
79.889 2.593
79.889 2.593
79.889 2.593
79.889 2.593
79.889 2.593
79.889 2.593
79.889 2.593
79.889 2.593
79.889 2.593
79.889 2.593
79.889 2.593
79.889 2.593
79.889 2.593
79.889 2.593
79.889 2.593
79.889 2.593
79.889 2.593
79.889 2.593
79.889 2.593
79.889 2.593
79.889 2.593
79.889 2.593
79.889 2.593
79.889 2.593
79.889 2.593
79.889 2.593
79.889 2.593
79.889 2.593
79.889 2.593
79.889 2.593
79.889 2.593
79.889 2.593
79.889 2.593
79.889 2.593
79.889 2.593
79.889 2.593
79.889 2.593
79.889 2.593
79.889 2.593
79.889 2.593
79.889 2.593
79.889 2.593
79.889 2.593
79.889 2.593
79.889 2.593
79.889 2.593
79.889 2.593
79.889 2.593
79.889 2.593
79.889 2.593
79.889 2.593
79.889 2.593
79.889 2.593
79.889 2.593
79.889 2.593
79.889 2.593
79.889 2.593
79.889 2.593
79.889 2.593
79.889 2.593
79.889 2.593
79.889 2.593
79.889 2.593
79.889 2.593
79.889 2.593
79.889 2.593
79.889 2.593
79.889 2.593
79.889 2.593
79.889 2.593
79.889 2.593
79.889 2.593
79.889 2.593
79.889 2.593
79.889 2.593
79.889 2.593
79.889 2.593
79.889 2.593
79.889 2.593
79.889 2.593
79.889 2.593
79.889 2.593
79.889 2.593
79.889 2.593
79.889 2.593
79.889 2.593
79.889 2.593
79.889 2.593
79.889 2.593
79.889 2.593
79.889 2.593
79.889 2.593
79.889 2.593
79.889 2.593
79.889 2.593
79.889 2.593
79.889 2.593
79.889 2.593
79.889 2.593
79.889 2.593
79.889 2.593
79.889 2.593
79.889 2.593
79.889 2.593
79.889 2.593
79.889 2.593
79.889 2.593
79.889 2.593
79.889 2.593
79.889 2.593
79.889 2.593
79.889 2.593
79.889 2.593
79.889 2.593
79.889 2.593
79.889 2.593
79.889 2.593
79.889 2.593
79.889 2.593
79.889 2.593
79.889 2.593
79.889 2.593
79.889 2.593
79.889 2.593
