0.00000 27.83571
0.02000 -3.71318
0.04001 35.78451
0.06001 79.75161
0.08002 -7.90751
0.10002 -7.70665
0.12002 83.16088
0.14003 42.77202
0.16003 -18.87340
0.18004 31.92836
0.20004 -18.17048
0.22004 -18.08605
0.24005 17.49859
0.26005 -90.06349
0.28006 -80.44533
0.30006 -22.11378
0.32006 -44.44092
0.34007 22.11305
0.36007 -38.80048
0.38008 -63.81442
0.40008 80.28324
0.42008 -4.08797
0.44009 10.77729
0.46009 -63.63649
0.48010 -19.41818
0.50010 13.54713
0.52010 -49.34864
0.54011 27.18598
0.56011 -21.43081
0.58012 -5.78353
0.60012 -21.08413
0.62012 101.81515
0.64013 8.72642
0.66013 -43.28423
0.68014 50.92861
0.70014 -51.04078
0.72014 20.64462
0.74015 -87.58203
0.76015 -55.80778
0.78016 20.64462
0.80016 47.92493
0.82016 19.77005
0.84017 5.61927
0.86017 -3.45346
0.88018 -62.12434
0.90018 -23.99041
0.92018 -10.83010
0.94019 65.25799
0.96019 29.78283
0.98020 -75.35005
1.00020 29.20620
1.02020 -6.05207
1.04021 -20.44402
1.06021 44.18593
1.08022 65.35214
1.10022 60.56621
1.12022 -27.75864
1.14023 -1.05834
1.16023 31.16549
1.18024 63.57962
1.20024 -8.95631
1.22024 5.91949
1.24025 -39.91427
1.26025 -44.20781
1.28026 56.42885
1.30026 83.81460
1.32026 12.60213
1.34027 66.57933
1.36027 34.68452
1.38028 -15.45323
1.40028 35.07258
1.42028 94.10467
1.44029 15.61158
1.46029 95.83510
1.48030 -113.18429
1.50030 59.09813
1.52030 22.55539
1.54031 3.45271
1.56031 23.19116
1.58032 -80.57529
1.60032 8.01961
1.62032 37.05887
1.64033 93.29798
1.66033 -6.31019
1.68034 -20.62132
1.70034 -5.08445
1.72034 65.97355
1.74035 36.84104
1.76035 -5.88449
1.78036 46.46693
1.80036 25.85748
1.82036 69.63589
1.84037 -13.69897
1.86037 5.22061
1.88038 2.19835
1.90038 -51.17195
1.92038 37.00985
1.94039 35.45664
1.96039 22.85959
1.98040 11.07460
2.00040 -47.76454
2.02040 2.17177
2.04041 6.26835
2.06041 -16.50974
2.08042 15.73988
2.10042 44.20674
2.12042 118.51354
2.14043 33.13317
2.16043 37.48184
2.18044 21.08207
2.20044 -70.93416
2.22044 23.87875
2.24045 28.41599
2.26045 148.76663
2.28046 16.18651
2.30046 41.08197
2.32046 24.46905
2.34047 -32.02922
2.36047 83.74586
2.38048 64.40141
2.40048 66.55640
2.42048 -18.26453
2.44049 97.54460
2.46049 -42.48763
2.48050 57.14782
2.50050 137.52778
2.52050 -21.32178
2.54051 0.09019
2.56051 33.58769
2.58052 3.63138
2.60052 -48.52797
2.62052 32.63339
2.64053 -23.70990
2.66053 53.28494
2.68054 -16.16585
2.70054 107.50212
2.72054 -8.95722
2.74055 14.30241
2.76055 71.28138
2.78056 -30.73765
2.80056 42.37860
2.82056 96.56278
2.84057 -48.96848
2.86057 40.83741
2.88058 44.79990
2.90058 71.09694
2.92058 -29.64169
2.94059 -33.61695
2.96059 58.70300
2.98060 47.65519
3.00060 45.53064
3.02060 50.52845
3.04061 -0.59515
3.06061 45.21881
3.08062 48.45978
3.10062 -1.71137
3.12062 127.49497
3.14063 58.09793
3.16063 -24.95885
3.18064 67.63404
3.20064 -13.72768
3.22064 74.56067
3.24065 93.33626
3.26065 -5.42759
3.28066 83.97537
3.30066 56.64565
3.32066 77.30965
3.34067 131.24633
3.36067 24.33732
3.38068 -0.88005
3.40068 -7.46892
3.42068 -3.58367
3.44069 33.55180
3.46069 54.66452
3.48070 51.64150
3.50070 79.36616
3.52070 38.85714
3.54071 111.08379
3.56071 25.37428
3.58072 174.81562
3.60072 70.29057
3.62072 -3.65064
3.64073 -14.13734
3.66073 63.73094
3.68074 28.63422
3.70074 75.70743
3.72074 63.86932
3.74075 36.76604
3.76075 -1.73216
3.78076 -34.93480
3.80076 18.68185
3.82076 84.02758
3.84077 52.11237
3.86077 -20.67922
3.88078 50.46681
3.90078 61.27367
3.92078 -1.98503
3.94079 50.09414
3.96079 45.51836
3.98080 -14.34055
4.00080 60.89737
4.02080 71.24727
4.04081 97.56064
4.06081 96.29822
4.08082 -25.07531
4.10082 -2.88305
4.12082 69.96001
4.14083 70.09758
4.16083 70.36071
4.18084 237.44494
4.20084 73.55293
4.22084 101.98672
4.24085 93.10857
4.26085 78.17808
4.28086 30.04510
4.30086 83.95706
4.32086 7.56738
4.34087 34.56775
4.36087 22.34054
4.38088 50.90247
4.40088 162.74173
4.42088 -46.15442
4.44089 81.72189
4.46089 -33.02687
4.48090 24.21237
4.50090 102.45653
4.52090 51.42304
4.54091 -5.47816
4.56091 12.84394
4.58092 82.78905
4.60092 12.49087
4.62092 60.03217
4.64093 51.68787
4.66093 17.02930
4.68094 157.00657
4.70094 81.70535
4.72094 -51.04769
4.74095 59.73220
4.76095 17.52020
4.78096 93.43123
4.80096 11.38356
4.82096 45.47282
4.84097 76.65905
4.86097 94.89748
4.88098 -8.20506
4.90098 35.28474
4.92098 28.46258
4.94099 19.74342
4.96099 140.88263
4.98100 73.05905
5.00100 -10.03420
5.02100 99.10314
5.04101 159.51789
5.06101 105.23339
5.08102 -22.15834
5.10102 29.79850
5.12102 117.55580
5.14103 19.02681
5.16103 76.80129
5.18104 93.54206
5.20104 8.66388
5.22104 52.23417
5.24105 -106.65288
5.26105 4.39114
5.28106 43.18215
5.30106 -6.37856
5.32106 137.83121
5.34107 -15.09639
5.36107 34.60850
5.38108 63.34779
5.40108 129.07447
5.42108 -14.58227
5.44109 115.56907
5.46109 58.12258
5.48110 8.73553
5.50110 81.11618
5.52110 68.16403
5.54111 28.40024
5.56111 62.10123
5.58112 39.54548
5.60112 64.68707
5.62112 92.31778
5.64113 138.71212
5.66113 -2.27945
5.68114 166.46303
5.70114 -37.59299
5.72114 52.62219
5.74115 89.82734
5.76115 74.66112
5.78116 29.67659
5.80116 50.60549
5.82116 36.56160
5.84117 31.94344
5.86117 104.09183
5.88118 79.66254
5.90118 27.36632
5.92118 107.19184
5.94119 77.77686
5.96119 103.25503
5.98120 94.29340
6.00120 21.56225
6.02120 35.20299
6.04121 100.77676
6.06121 94.13064
6.08122 62.76708
6.10122 69.87857
6.12122 128.09549
6.14123 34.83371
6.16123 91.96719
6.18124 54.70273
6.20124 54.12834
6.22124 120.15129
6.24125 106.68330
6.26125 106.28800
6.28126 131.08650
6.30126 67.06279
6.32126 100.31029
6.34127 50.89934
6.36127 82.82104
6.38128 60.30561
6.40128 71.86260
6.42128 96.97069
6.44129 26.50185
6.46129 172.23229
6.48130 17.51209
6.50130 7.30357
6.52130 126.11859
6.54131 107.99622
6.56131 99.81911
6.58132 100.23044
6.60132 68.40086
6.62132 24.35052
6.64133 73.20351
6.66133 35.75524
6.68134 118.56935
6.70134 62.66053
6.72134 28.93858
6.74135 54.34419
6.76135 91.26010
6.78136 42.62734
6.80136 29.90258
6.82136 83.39800
6.84137 83.66201
6.86137 46.26656
6.88138 48.26185
6.90138 83.61630
6.92138 -0.19037
6.94139 2.04069
6.96139 36.69171
6.98140 62.14161
7.00140 88.55938
7.02140 146.98185
7.04141 116.29706
7.06141 65.61720
7.08142 72.86335
7.10142 23.88773
7.12142 73.28859
7.14143 59.98135
7.16143 90.75025
7.18144 33.45282
7.20144 100.98173
7.22144 151.85139
7.24145 69.97648
7.26145 95.70011
7.28146 110.32176
7.30146 55.95358
7.32146 87.41927
7.34147 77.04430
7.36147 81.49853
7.38148 38.16427
7.40148 78.24031
7.42148 102.11476
7.44149 149.97206
7.46149 125.57846
7.48150 185.47409
7.50150 39.64762
7.52150 121.83107
7.54151 87.58218
7.56151 188.10527
7.58152 38.40025
7.60152 37.02911
7.62152 49.24561
7.64153 -26.77950
7.66153 53.32757
7.68154 41.85873
7.70154 87.53509
7.72154 97.30324
7.74155 174.22403
7.76155 128.13672
7.78156 51.97038
7.80156 36.09487
7.82156 105.81160
7.84157 15.40402
7.86157 173.18866
7.88158 140.78777
7.90158 58.55702
7.92158 -3.44088
7.94159 150.10950
7.96159 76.88893
7.98160 144.70678
8.00160 3.29462
8.02160 53.24729
8.04161 83.67827
8.06161 85.96515
8.08162 61.31289
8.10162 115.15870
8.12162 30.83522
8.14163 77.29731
8.16163 90.63110
8.18164 110.53830
8.20164 120.59715
8.22164 28.98434
8.24165 8.71077
8.26165 149.50036
8.28166 102.43226
8.30166 48.59228
8.32166 163.77424
8.34167 92.20042
8.36167 145.58158
8.38168 90.19269
8.40168 190.05420
8.42168 174.98389
8.44169 74.96868
8.46169 136.19547
8.48170 120.08576
8.50170 156.44858
8.52170 39.97087
8.54171 122.71966
8.56171 141.53835
8.58172 0.88019
8.60172 29.85428
8.62172 -12.74437
8.64173 75.94694
8.66173 125.49444
8.68174 164.93522
8.70174 93.72214
8.72174 171.64822
8.74175 21.41241
8.76175 5.44840
8.78176 88.04018
8.80176 110.22088
8.82176 89.58291
8.84177 -11.95442
8.86177 87.16172
8.88178 26.59429
8.90178 125.50143
8.92178 110.54776
8.94179 45.42389
8.96179 66.92458
8.98180 39.85729
9.00180 89.88405
9.02180 140.97516
9.04181 44.13178
9.06181 118.82045
9.08182 67.30528
9.10182 54.37456
9.12182 88.86673
9.14183 42.65617
9.16183 66.93586
9.18184 34.92447
9.20184 193.25466
9.22184 96.98162
9.24185 60.43221
9.26185 106.31752
9.28186 90.20216
9.30186 84.97012
9.32186 126.92698
9.34187 134.29407
9.36187 70.09367
9.38188 68.02785
9.40188 83.26622
9.42188 -17.87721
9.44189 21.65933
9.46189 165.96264
9.48190 180.06735
9.50190 85.56720
9.52190 127.04689
9.54191 113.98159
9.56191 252.56316
9.58192 154.79791
9.60192 92.62332
9.62192 51.44222
9.64193 19.09697
9.66193 109.79251
9.68194 62.00183
9.70194 28.90672
9.72194 67.89080
9.74195 46.34208
9.76195 184.97661
9.78196 144.90155
9.80196 100.62097
9.82196 175.21685
9.84197 105.28810
9.86197 58.55551
9.88198 177.97597
9.90198 128.96531
9.92198 50.35754
9.94199 92.90295
9.96199 58.83901
9.98200 33.67998
10.00200 149.32888
10.02200 198.69088
10.04201 33.49171
10.06201 131.76859
10.08202 71.28804
10.10202 79.66393
10.12202 74.60055
10.14203 61.22075
10.16203 107.04641
10.18204 63.27286
10.20204 118.54325
10.22204 102.70854
10.24205 93.47308
10.26205 60.24234
10.28206 76.98200
10.30206 143.79017
10.32206 131.26650
10.34207 57.54292
10.36207 111.58734
10.38208 144.39012
10.40208 23.55054
10.42208 134.38885
10.44209 74.28970
10.46209 136.15086
10.48210 69.65801
10.50210 17.77690
10.52210 26.84392
10.54211 110.82533
10.56211 121.60725
10.58212 63.60533
10.60212 140.95083
10.62212 26.14524
10.64213 106.11729
10.66213 49.07051
10.68214 77.22956
10.70214 112.39134
10.72214 67.20078
10.74215 91.19371
10.76215 160.93616
10.78216 81.97697
10.80216 152.80621
10.82216 54.73630
10.84217 137.91189
10.86217 183.70016
10.88218 -11.76046
10.90218 72.17704
10.92218 141.07545
10.94219 102.26962
10.96219 131.17922
10.98220 82.62271
11.00220 117.35149
11.02220 105.43818
11.04221 171.81119
11.06221 126.34317
11.08222 130.70230
11.10222 93.42836
11.12222 89.84193
11.14223 92.79438
11.16223 134.34493
11.18224 93.77314
11.20224 129.51115
11.22224 218.99248
11.24225 158.97872
11.26225 99.32135
11.28226 175.88326
11.30226 95.61884
11.32226 14.31642
11.34227 66.01837
11.36227 23.08313
11.38228 99.24709
11.40228 117.94372
11.42228 201.04471
11.44229 133.76925
11.46229 106.66790
11.48230 159.29324
11.50230 7.46624
11.52230 130.00377
11.54231 156.96634
11.56231 44.69381
11.58232 176.01087
11.60232 135.94803
11.62232 98.45885
11.64233 151.06238
11.66233 233.15797
11.68234 128.91668
11.70234 132.43443
11.72234 97.25540
11.74235 77.93127
11.76235 162.14032
11.78236 78.01937
11.80236 124.60192
11.82236 97.34077
11.84237 145.37268
11.86237 138.30683
11.88238 173.70076
11.90238 96.52298
11.92238 108.73010
11.94239 73.48570
11.96239 100.40926
11.98240 141.68899
12.00240 160.87344
12.02240 77.11578
12.04241 166.90438
12.06241 191.40602
12.08242 144.49591
12.10242 217.86400
12.12242 85.53478
12.14243 62.19155
12.16243 35.68831
12.18244 199.62658
12.20244 157.74269
12.22244 122.44521
12.24245 139.42292
12.26245 69.35007
12.28246 248.11216
12.30246 132.48566
12.32246 131.69438
12.34247 162.71302
12.36247 150.67519
12.38248 138.01897
12.40248 87.50108
12.42248 150.79826
12.44249 221.52611
12.46249 194.89593
12.48250 207.48430
12.50250 102.46422
12.52250 78.74480
12.54251 122.13574
12.56251 131.41137
12.58252 183.53474
12.60252 44.40197
12.62252 205.70276
12.64253 121.52489
12.66253 108.28127
12.68254 79.22015
12.70254 47.28257
12.72254 171.38397
12.74255 134.09138
12.76255 66.12748
12.78256 66.07163
12.80256 114.23637
12.82256 214.67672
12.84257 118.44612
12.86257 56.46858
12.88258 119.53861
12.90258 118.38963
12.92258 -2.61849
12.94259 129.71114
12.96259 121.07920
12.98260 167.63628
13.00260 225.47381
13.02260 189.55430
13.04261 119.98165
13.06261 78.29983
13.08262 262.49416
13.10262 136.98713
13.12262 134.92271
13.14263 133.22003
13.16263 144.53056
13.18264 127.60834
13.20264 106.34330
13.22264 107.88350
13.24265 133.78882
13.26265 108.45529
13.28266 100.18428
13.30266 141.34812
13.32266 123.47778
13.34267 211.62633
13.36267 4.07823
13.38268 191.40211
13.40268 199.33106
13.42268 33.55733
13.44269 120.29251
13.46269 119.05488
13.48270 67.45138
13.50270 99.13617
13.52270 82.69825
13.54271 226.04061
13.56271 185.41105
13.58272 202.40492
13.60272 175.11081
13.62272 82.77466
13.64273 113.20127
13.66273 164.09605
13.68274 78.72098
13.70274 175.67733
13.72274 128.21118
13.74275 121.68645
13.76275 176.17552
13.78276 163.04073
13.80276 122.97930
13.82276 199.19414
13.84277 87.37452
13.86277 172.42451
13.88278 171.48283
13.90278 126.55048
13.92278 158.53450
13.94279 79.87221
13.96279 188.82928
13.98280 133.58286
14.00280 116.89185
14.02280 195.67851
14.04281 108.21090
14.06281 73.20506
14.08282 65.99671
14.10282 174.32870
14.12282 80.20678
14.14283 232.16799
14.16283 40.53186
14.18284 229.65118
14.20284 155.57928
14.22284 140.39279
14.24285 118.18253
14.26285 165.58533
14.28286 143.94683
14.30286 201.19370
14.32286 151.94003
14.34287 153.94377
14.36287 128.44812
14.38288 143.98148
14.40288 162.41889
14.42288 61.72043
14.44289 80.01961
14.46289 184.79213
14.48290 156.37224
14.50290 138.82984
14.52290 149.15074
14.54291 165.80817
14.56291 121.64114
14.58292 109.91393
14.60292 158.82147
14.62292 100.31061
14.64293 169.84192
14.66293 64.50015
14.68294 201.28715
14.70294 173.65928
14.72294 163.03093
14.74295 199.56404
14.76295 233.90325
14.78296 201.54807
14.80296 58.98589
14.82296 87.25080
14.84297 120.18876
14.86297 152.93428
14.88298 177.71272
14.90298 115.74262
14.92298 161.56818
14.94299 114.66074
14.96299 122.05404
14.98300 82.49691
15.00300 106.86834
15.02300 85.64582
15.04301 104.63642
15.06301 206.31222
15.08302 106.36022
15.10302 285.64931
15.12302 178.89614
15.14303 163.67209
15.16303 111.71244
15.18304 189.84586
15.20304 126.24851
15.22304 161.33094
15.24305 283.43471
15.26305 150.82753
15.28306 213.29423
15.30306 120.87178
15.32306 154.48122
15.34307 244.97072
15.36307 125.28237
15.38308 247.45319
15.40308 192.41840
15.42308 129.10751
15.44309 189.05127
15.46309 206.25865
15.48310 188.92146
15.50310 79.51977
15.52310 121.87419
15.54311 146.05515
15.56311 154.90945
15.58312 189.86477
15.60312 167.91626
15.62312 92.46403
15.64313 178.44118
15.66313 190.16061
15.68314 187.82089
15.70314 214.07044
15.72314 201.92755
15.74315 183.39049
15.76315 157.12324
15.78316 77.78352
15.80316 182.51252
15.82316 171.61603
15.84317 175.01063
15.86317 97.79430
15.88318 107.77894
15.90318 214.68945
15.92318 160.25409
15.94319 196.50692
15.96319 164.04785
15.98320 164.31977
16.00320 209.94620
16.02320 137.42981
16.04321 168.23813
16.06321 140.51836
16.08322 142.10736
16.10322 148.57360
16.12322 175.33894
16.14323 140.49486
16.16323 227.42013
16.18324 120.10200
16.20324 155.68882
16.22324 143.24589
16.24325 237.78138
16.26325 175.46027
16.28326 217.42479
16.30326 91.75459
16.32326 179.58516
16.34327 210.91423
16.36327 170.74693
16.38328 220.10679
16.40328 141.16838
16.42328 237.70022
16.44329 282.37779
16.46329 149.49100
16.48330 145.55784
16.50330 240.70223
16.52330 247.21165
16.54331 142.29009
16.56331 147.62379
16.58332 154.74394
16.60332 101.81068
16.62332 123.30065
16.64333 119.22625
16.66333 131.24345
16.68334 168.09912
16.70334 181.74414
16.72334 247.75847
16.74335 120.51578
16.76335 219.84965
16.78336 160.13412
16.80336 168.56042
16.82336 204.97462
16.84337 115.29759
16.86337 190.75421
16.88338 180.15638
16.90338 196.65637
16.92338 186.69228
16.94339 295.19889
16.96339 140.74693
16.98340 146.28412
17.00340 141.87698
17.02340 145.46019
17.04341 141.56473
17.06341 233.08495
17.08342 244.85938
17.10342 145.49689
17.12342 132.61647
17.14343 198.00506
17.16343 147.02317
17.18344 206.48096
17.20344 185.18056
17.22344 99.44724
17.24345 252.80975
17.26345 265.42841
17.28346 145.19513
17.30346 156.64953
17.32346 190.52792
17.34347 193.15753
17.36347 209.56194
17.38348 277.34499
17.40348 168.18745
17.42348 137.31998
17.44349 108.46893
17.46349 141.08842
17.48350 176.17862
17.50350 267.76290
17.52350 152.35448
17.54351 189.62448
17.56351 177.81398
17.58352 238.25483
17.60352 305.38183
17.62352 152.69181
17.64353 154.96331
17.66353 231.84337
17.68354 213.92994
17.70354 272.37077
17.72354 209.43186
17.74355 162.47088
17.76355 210.16827
17.78356 236.27075
17.80356 222.05972
17.82356 206.59935
17.84357 234.76942
17.86357 240.10051
17.88358 250.94372
17.90358 214.47130
17.92358 173.87994
17.94359 189.77157
17.96359 242.96138
17.98360 141.98918
18.00360 201.46967
18.02360 163.56911
18.04361 184.87333
18.06361 247.55872
18.08362 193.39112
18.10362 186.35803
18.12362 116.24344
18.14363 221.74897
18.16363 216.91054
18.18364 292.99910
18.20364 169.64750
18.22364 196.19396
18.24365 197.90567
18.26365 264.50919
18.28366 181.07179
18.30366 199.98768
18.32366 216.63147
18.34367 195.76714
18.36367 164.31505
18.38368 196.54127
18.40368 240.71839
18.42368 135.91108
18.44369 194.08537
18.46369 152.63089
18.48370 247.58930
18.50370 111.87766
18.52370 160.29096
18.54371 207.29768
18.56371 266.91333
18.58372 185.54965
18.60372 161.27723
18.62372 283.29510
18.64373 117.03659
18.66373 79.69703
18.68374 211.83809
18.70374 164.93470
18.72374 139.17581
18.74375 225.85531
18.76375 202.82756
18.78376 162.63364
18.80376 127.02239
18.82376 234.86051
18.84377 223.94775
18.86377 186.67893
18.88378 284.16962
18.90378 138.53357
18.92378 115.96159
18.94379 157.84248
18.96379 190.35863
18.98380 205.00494
19.00380 180.97620
19.02380 210.84082
19.04381 130.86112
19.06381 265.82636
19.08382 189.73061
19.10382 249.90300
19.12382 211.37451
19.14383 217.27595
19.16383 223.12669
19.18384 217.22380
19.20384 227.17455
19.22384 261.69607
19.24385 205.26455
19.26385 231.08872
19.28386 191.35178
19.30386 268.04447
19.32386 162.41903
19.34387 286.48571
19.36387 194.63083
19.38388 125.30001
19.40388 203.44403
19.42388 163.18626
19.44389 239.47107
19.46389 165.00773
19.48390 175.52980
19.50390 103.56197
19.52390 175.62373
19.54391 77.24512
19.56391 119.44399
19.58392 236.85990
19.60392 238.32922
19.62392 220.51213
19.64393 151.09048
19.66393 197.25376
19.68394 199.65924
19.70394 142.12117
19.72394 275.40936
19.74395 244.30760
19.76395 189.59132
19.78396 202.18386
19.80396 211.45875
19.82396 99.15290
19.84397 189.08082
19.86397 167.54052
19.88398 151.75877
19.90398 187.98479
19.92398 292.12417
19.94399 234.48203
19.96399 174.08098
19.98400 231.46911
20.00400 273.00778
20.02400 249.47173
20.04401 206.42161
20.06401 171.29329
20.08402 238.75133
20.10402 223.71448
20.12402 248.99991
20.14403 236.19888
20.16403 257.11796
20.18404 178.07861
20.20404 270.91011
20.22404 215.12043
20.24405 309.20353
20.26405 171.18114
20.28406 292.63876
20.30406 215.93615
20.32406 173.66975
20.34407 182.24640
20.36407 190.62336
20.38408 228.04907
20.40408 233.18258
20.42408 178.55585
20.44409 206.22316
20.46409 314.75445
20.48410 294.21813
20.50410 229.85719
20.52410 210.14122
20.54411 214.44265
20.56411 239.31703
20.58412 157.70154
20.60412 196.17238
20.62412 125.81204
20.64413 229.40244
20.66413 242.00113
20.68414 185.68205
20.70414 288.74075
20.72414 148.95317
20.74415 137.22274
20.76415 221.86412
20.78416 263.19648
20.80416 295.23799
20.82416 188.29744
20.84417 265.37573
20.86417 209.71630
20.88418 203.21040
20.90418 256.22481
20.92418 244.85799
20.94419 133.62228
20.96419 286.46895
20.98420 281.84654
21.00420 181.76387
21.02420 233.03223
21.04421 238.14360
21.06421 226.67582
21.08422 186.32691
21.10422 180.46104
21.12422 212.96454
21.14423 273.07874
21.16423 241.82234
21.18424 196.31165
21.20424 253.62734
21.22424 72.81532
21.24425 272.88077
21.26425 128.65684
21.28426 197.72052
21.30426 160.05911
21.32426 151.50857
21.34427 274.48403
21.36427 193.25767
21.38428 234.16796
21.40428 214.69678
21.42428 241.09489
21.44429 221.28398
21.46429 153.49332
21.48430 267.65631
21.50430 193.35518
21.52430 140.41395
21.54431 197.03733
21.56431 293.68112
21.58432 261.35426
21.60432 201.61060
21.62432 201.78036
21.64433 203.36154
21.66433 323.48073
21.68434 238.94014
21.70434 241.54549
21.72434 271.75762
21.74435 232.38295
21.76435 207.69142
21.78436 211.02608
21.80436 217.46355
21.82436 219.38254
21.84437 257.82517
21.86437 224.24102
21.88438 258.47577
21.90438 218.00798
21.92438 226.17561
21.94439 122.53385
21.96439 268.46031
21.98440 240.16839
22.00440 272.94451
22.02440 78.43128
22.04441 327.86282
22.06441 216.66465
22.08442 279.25331
22.10442 172.04891
22.12442 254.88294
22.14443 171.77351
22.16443 193.45588
22.18444 320.54594
22.20444 215.51029
22.22444 236.11609
22.24445 268.94788
22.26445 250.42862
22.28446 233.36551
22.30446 244.29266
22.32446 346.41543
22.34447 223.56375
22.36447 236.69968
22.38448 279.37749
22.40448 282.32111
22.42448 286.59636
22.44449 259.38140
22.46449 170.49468
22.48450 309.51655
22.50450 170.72774
22.52450 243.37682
22.54451 190.73130
22.56451 225.43821
22.58452 245.28329
22.60452 245.11307
22.62452 250.34129
22.64453 310.13085
22.66453 252.32204
22.68454 217.63754
22.70454 278.24977
22.72454 289.71897
22.74455 169.06510
22.76455 260.51553
22.78456 265.90421
22.80456 216.16743
22.82456 300.03099
22.84457 223.94291
22.86457 237.92455
22.88458 223.19218
22.90458 232.82476
22.92458 177.43209
22.94459 160.44335
22.96459 312.37118
22.98460 190.49790
23.00460 183.47639
23.02460 125.57654
23.04461 201.49800
23.06461 167.49164
23.08462 315.94693
23.10462 284.53706
23.12462 199.83873
23.14463 347.06808
23.16463 283.73460
23.18464 218.60480
23.20464 110.07612
23.22464 349.79358
23.24465 165.96787
23.26465 153.37659
23.28466 286.97509
23.30466 358.03423
23.32466 305.46029
23.34467 264.64215
23.36467 266.38445
23.38468 279.51755
23.40468 274.99324
23.42468 251.30642
23.44469 242.65694
23.46469 234.51727
23.48470 200.14874
23.50470 224.01326
23.52470 153.59921
23.54471 233.53011
23.56471 189.21757
23.58472 183.66770
23.60472 248.04192
23.62472 308.84736
23.64473 285.36312
23.66473 161.12230
23.68474 190.36596
23.70474 287.08597
23.72474 191.12308
23.74475 229.21583
23.76475 268.15013
23.78476 192.43035
23.80476 246.31638
23.82476 174.54637
23.84477 211.37931
23.86477 257.63683
23.88478 162.19808
23.90478 264.07155
23.92478 241.26596
23.94479 270.07239
23.96479 253.84364
23.98480 311.05499
24.00480 249.30923
24.02480 221.77777
24.04481 249.56296
24.06481 270.81303
24.08482 246.29117
24.10482 246.07779
24.12482 209.14867
24.14483 211.30324
24.16483 174.51807
24.18484 332.32721
24.20484 182.85525
24.22484 210.60319
24.24485 209.52813
24.26485 290.39475
24.28486 231.10109
24.30486 308.43571
24.32486 212.57412
24.34487 260.39840
24.36487 204.88138
24.38488 354.10623
24.40488 187.66889
24.42488 262.73989
24.44489 279.13773
24.46489 268.33888
24.48490 238.58459
24.50490 241.55797
24.52490 250.43962
24.54491 241.09899
24.56491 296.84309
24.58492 359.37532
24.60492 221.17462
24.62492 180.75910
24.64493 245.03519
24.66493 378.63480
24.68494 209.66564
24.70494 332.00525
24.72494 334.13449
24.74495 222.77008
24.76495 279.09868
24.78496 332.26940
24.80496 232.09322
24.82496 241.07063
24.84497 222.36564
24.86497 200.91189
24.88498 219.38589
24.90498 190.85280
24.92498 253.95402
24.94499 213.95123
24.96499 264.33923
24.98500 175.05519
25.00500 269.59402
25.02501 294.92650
25.04501 153.76331
25.06501 272.35296
25.08502 315.23362
25.10502 193.56816
25.12503 337.87887
25.14503 275.40124
25.16503 219.39974
25.18504 252.06192
25.20504 282.96676
25.22505 259.05072
25.24505 282.38829
25.26505 209.61685
25.28506 264.31861
25.30506 185.36489
25.32507 250.68935
25.34507 211.25531
25.36507 219.87423
25.38508 318.65543
25.40508 311.61632
25.42509 287.70776
25.44509 202.83525
25.46509 241.83051
25.48510 318.50586
25.50510 265.13686
25.52511 374.21753
25.54511 278.11698
25.56511 268.25359
25.58512 243.39535
25.60512 265.72826
25.62513 251.62776
25.64513 294.85672
25.66513 307.48645
25.68514 220.55190
25.70514 193.48976
25.72515 168.44118
25.74515 285.85106
25.76515 205.48320
25.78516 153.20704
25.80516 280.48054
25.82517 385.90163
25.84517 261.14814
25.86517 303.57627
25.88518 265.94324
25.90518 257.10733
25.92519 308.20567
25.94519 247.93816
25.96519 276.02155
25.98520 278.93686
26.00520 229.64749
26.02521 312.85417
26.04521 254.70410
26.06521 225.86487
26.08522 290.67766
26.10522 219.12881
26.12523 265.66131
26.14523 263.99634
26.16523 318.94711
26.18524 288.58728
26.20524 263.80106
26.22525 306.14077
26.24525 334.96287
26.26525 293.54305
26.28526 266.37020
26.30526 200.46080
26.32527 212.99697
26.34527 251.19146
26.36527 236.17712
26.38528 257.50421
26.40528 269.88531
26.42529 293.73749
26.44529 263.92795
26.46529 291.97801
26.48530 271.07669
26.50530 169.27968
26.52531 221.28628
26.54531 261.24871
26.56531 208.16839
26.58532 298.84961
26.60532 345.59075
26.62533 330.19134
26.64533 258.78115
26.66533 344.18964
26.68534 277.28674
26.70534 253.19911
26.72535 239.58332
26.74535 255.33001
26.76535 251.24469
26.78536 279.37438
26.80536 279.08231
26.82537 271.40595
26.84537 293.30060
26.86537 331.18604
26.88538 319.33148
26.90538 197.80891
26.92539 144.55779
26.94539 319.16989
26.96539 204.31000
26.98540 261.61570
27.00540 214.54836
27.02541 183.15503
27.04541 300.52723
27.06541 311.61189
27.08542 245.02865
27.10542 144.50210
27.12543 246.94203
27.14543 294.04449
27.16543 200.70875
27.18544 284.02237
27.20544 274.28892
27.22545 304.21903
27.24545 281.43351
27.26545 227.00108
27.28546 335.68315
27.30546 268.12813
27.32547 274.88942
27.34547 229.79129
27.36547 254.49062
27.38548 232.61464
27.40548 268.40751
27.42549 362.84027
27.44549 208.85983
27.46549 196.97686
27.48550 351.41349
27.50550 267.58883
27.52551 244.80141
27.54551 330.45033
27.56551 248.37435
27.58552 370.15566
27.60552 312.95150
27.62553 254.85968
27.64553 387.32070
27.66553 249.36958
27.68554 316.96014
27.70554 295.02004
27.72555 345.34252
27.74555 358.53105
27.76555 282.25574
27.78556 243.18468
27.80556 304.05422
27.82557 247.36988
27.84557 382.12505
27.86557 288.48250
27.88558 263.58969
27.90558 291.28983
27.92559 214.89954
27.94559 233.87519
27.96559 342.67663
27.98560 250.01126
28.00560 230.71046
28.02561 310.08869
28.04561 342.74130
28.06561 319.60380
28.08562 333.65856
28.10562 246.21646
28.12563 213.16572
28.14563 359.52297
28.16563 268.52234
28.18564 272.31472
28.20564 351.46612
28.22565 313.06795
28.24565 308.25088
28.26565 393.90665
28.28566 253.68066
28.30566 332.44862
28.32567 289.10731
28.34567 299.88631
28.36567 363.08015
28.38568 312.24856
28.40568 313.97162
28.42569 340.88222
28.44569 269.20925
28.46569 245.69645
28.48570 235.61651
28.50570 189.73918
28.52571 391.06741
28.54571 233.29667
28.56571 277.59445
28.58572 275.01651
28.60572 304.42755
28.62573 330.04411
28.64573 332.48097
28.66573 260.50346
28.68574 281.50129
28.70574 304.18641
28.72575 277.82290
28.74575 370.82477
28.76575 315.20628
28.78576 327.60146
28.80576 324.20167
28.82577 349.93134
28.84577 300.50877
28.86577 226.81613
28.88578 311.84217
28.90578 259.48997
28.92579 265.82702
28.94579 321.77609
28.96579 354.57209
28.98580 293.92155
29.00580 308.49966
29.02581 378.36880
29.04581 305.49575
29.06581 423.74229
29.08582 322.13365
29.10582 206.02007
29.12583 331.92533
29.14583 313.51621
29.16583 359.14597
29.18584 328.51744
29.20584 288.13561
29.22585 234.04354
29.24585 285.00733
29.26585 253.13251
29.28586 266.83240
29.30586 325.48753
29.32587 379.75388
29.34587 316.19227
29.36587 236.86458
29.38588 319.08891
29.40588 356.89039
29.42589 266.76971
29.44589 290.75803
29.46589 298.39334
29.48590 258.61406
29.50590 330.47303
29.52591 292.21164
29.54591 319.43571
29.56591 254.28452
29.58592 276.98626
29.60592 335.17828
29.62593 280.61759
29.64593 385.80748
29.66593 279.67752
29.68594 311.09361
29.70594 346.68895
29.72595 229.34117
29.74595 212.41905
29.76595 224.37672
29.78596 363.98878
29.80596 273.46670
29.82597 429.16962
29.84597 273.24731
29.86597 310.88730
29.88598 378.96527
29.90598 402.36446
29.92599 405.33503
29.94599 362.87820
29.96599 353.86306
29.98600 332.48632
30.00600 341.97807
30.02601 275.70077
30.04601 262.55015
30.06601 303.49141
30.08602 295.35094
30.10602 281.39881
30.12603 339.07962
30.14603 352.22555
30.16603 309.08068
30.18604 378.73688
30.20604 247.97596
30.22605 295.57748
30.24605 269.61938
30.26605 212.33370
30.28606 301.72654
30.30606 299.97324
30.32607 381.93314
30.34607 338.00128
30.36607 255.45139
30.38608 399.56540
30.40608 368.11250
30.42609 336.36574
30.44609 296.13669
30.46609 259.68897
30.48610 289.25063
30.50610 362.49844
30.52611 402.49037
30.54611 385.62327
30.56611 284.21866
30.58612 252.88030
30.60612 316.10552
30.62613 220.83928
30.64613 325.61968
30.66613 302.28120
30.68614 286.55955
30.70614 230.32626
30.72615 335.94146
30.74615 283.82645
30.76615 252.16569
30.78616 167.24846
30.80616 309.68587
30.82617 399.87423
30.84617 394.52465
30.86617 288.80692
30.88618 281.75117
30.90618 335.50053
30.92619 262.34258
30.94619 327.55149
30.96619 350.96595
30.98620 374.20863
31.00620 308.05431
31.02621 303.07836
31.04621 269.56296
31.06621 272.31811
31.08622 302.53823
31.10622 332.43049
31.12623 359.94148
31.14623 274.30334
31.16623 389.29676
31.18624 301.30619
31.20624 313.99405
31.22625 277.90187
31.24625 194.25048
31.26625 359.86480
31.28626 352.70477
31.30626 301.99623
31.32627 319.61219
31.34627 342.25965
31.36627 238.53544
31.38628 290.41014
31.40628 356.77605
31.42629 254.54838
31.44629 332.14079
31.46629 249.83384
31.48630 341.18447
31.50630 316.28094
31.52631 237.50646
31.54631 376.70006
31.56631 281.93355
31.58632 278.35055
31.60632 329.09167
31.62633 376.69512
31.64633 268.67220
31.66633 322.74733
31.68634 341.30420
31.70634 354.71869
31.72635 329.08553
31.74635 302.11210
31.76635 279.28402
31.78636 325.17077
31.80636 267.45666
31.82637 175.19613
31.84637 343.29168
31.86637 366.86047
31.88638 203.71715
31.90638 271.57728
31.92639 353.22157
31.94639 425.33867
31.96639 323.70362
31.98640 286.46383
32.00640 313.91919
32.02641 392.00787
32.04641 291.16588
32.06641 283.70453
32.08642 299.72700
32.10642 276.39778
32.12643 330.39777
32.14643 405.69822
32.16643 340.81830
32.18644 312.24670
32.20644 310.47385
32.22645 247.10491
32.24645 369.61998
32.26645 321.77267
32.28646 316.84058
32.30646 485.71999
32.32647 341.20230
32.34647 288.87514
32.36647 305.34685
32.38648 384.28706
32.40648 332.72833
32.42649 255.35095
32.44649 373.42634
32.46649 294.25773
32.48650 421.52986
32.50650 382.06742
32.52651 305.89896
32.54651 392.51591
32.56651 332.05791
32.58652 371.50386
32.60652 353.30185
32.62653 286.94742
32.64653 297.28780
32.66653 381.16337
32.68654 313.12661
32.70654 309.88299
32.72655 282.50932
32.74655 351.64545
32.76655 433.79178
32.78656 277.48893
32.80656 332.27659
32.82657 401.87668
32.84657 327.48362
32.86657 354.28432
32.88658 278.74610
32.90658 353.48117
32.92659 322.90864
32.94659 381.75239
32.96659 392.03524
32.98660 462.34416
33.00660 362.04767
33.02661 349.55587
33.04661 343.18531
33.06661 316.00782
33.08662 350.79037
33.10662 319.29614
33.12663 342.68930
33.14663 400.34617
33.16663 284.33921
33.18664 391.86030
33.20664 400.92217
33.22665 329.36303
33.24665 229.37375
33.26665 305.27543
33.28666 400.71630
33.30666 334.92321
33.32667 286.30154
33.34667 311.22795
33.36667 378.69773
33.38668 364.20345
33.40668 325.12021
33.42669 318.92563
33.44669 317.87899
33.46669 291.54642
33.48670 418.63576
33.50670 321.95099
33.52671 399.12498
33.54671 414.53290
33.56671 388.58268
33.58672 317.28616
33.60672 359.25372
33.62673 338.05747
33.64673 294.28220
33.66673 355.88530
33.68674 280.91538
33.70674 399.45138
33.72675 317.03659
33.74675 350.52548
33.76675 354.83193
33.78676 327.92232
33.80676 370.40230
33.82677 317.52247
33.84677 385.03256
33.86677 274.36875
33.88678 348.18675
33.90678 439.01426
33.92679 292.25129
33.94679 308.58065
33.96679 368.36333
33.98680 351.84706
34.00680 360.59952
34.02681 367.72741
34.04681 375.20417
34.06681 399.15313
34.08682 364.35911
34.10682 332.00533
34.12683 377.89694
34.14683 439.46239
34.16683 338.03665
34.18684 296.14191
34.20684 400.42245
34.22685 339.24940
34.24685 236.83502
34.26685 388.03962
34.28686 319.10216
34.30686 341.54195
34.32687 362.86767
34.34687 355.99368
34.36687 382.14132
34.38688 325.09446
34.40688 372.72410
34.42689 334.29152
34.44689 384.40942
34.46689 378.43731
34.48690 301.09704
34.50690 402.36812
34.52691 321.47088
34.54691 388.87198
34.56691 367.03350
34.58692 440.77836
34.60692 337.89591
34.62693 331.80341
34.64693 348.49831
34.66693 334.51034
34.68694 389.86647
34.70694 269.25388
34.72695 297.58533
34.74695 297.07935
34.76695 398.18491
34.78696 436.40024
34.80696 345.84715
34.82697 342.82857
34.84697 354.97230
34.86697 409.76365
34.88698 305.50212
34.90698 363.98826
34.92699 401.02974
34.94699 377.52460
34.96699 362.14901
34.98700 402.92228
35.00700 217.90840
35.02701 387.16382
35.04701 320.76631
35.06701 262.13849
35.08702 379.43030
35.10702 422.75314
35.12703 347.39783
35.14703 402.11402
35.16703 435.28425
35.18704 420.61610
35.20704 437.06864
35.22705 392.37683
35.24705 359.24218
35.26705 275.57224
35.28706 343.56745
35.30706 313.90828
35.32707 464.81779
35.34707 347.67640
35.36707 362.83097
35.38708 384.44504
35.40708 359.25094
35.42709 442.02341
35.44709 326.33843
35.46709 367.40131
35.48710 320.74744
35.50710 292.06989
35.52711 327.68260
35.54711 356.61925
35.56711 337.20602
35.58712 324.25013
35.60712 288.75534
35.62713 355.11598
35.64713 284.23528
35.66713 397.67413
35.68714 363.99336
35.70714 287.19384
35.72715 344.81100
35.74715 322.86367
35.76715 376.63026
35.78716 427.89410
35.80716 267.31299
35.82717 367.02296
35.84717 353.46505
35.86717 395.23874
35.88718 372.53161
35.90718 324.47335
35.92719 346.31916
35.94719 322.67060
35.96719 416.47229
35.98720 363.93756
36.00720 458.13155
36.02721 360.23901
36.04721 328.05176
36.06721 287.98641
36.08722 273.71519
36.10722 284.86542
36.12723 377.62859
36.14723 389.90855
36.16723 285.61280
36.18724 409.62429
36.20724 340.91936
36.22725 372.61211
36.24725 446.08353
36.26725 410.51450
36.28726 352.44604
36.30726 321.51300
36.32727 258.68188
36.34727 330.51503
36.36727 356.11622
36.38728 317.51380
36.40728 360.50997
36.42729 371.11545
36.44729 356.23010
36.46729 335.17281
36.48730 376.30571
36.50730 390.17005
36.52731 313.75310
36.54731 439.01971
36.56731 363.74373
36.58732 369.81566
36.60732 404.48394
36.62733 380.93406
36.64733 417.13013
36.66733 384.02954
36.68734 339.25151
36.70734 388.14859
36.72735 313.08714
36.74735 375.90148
36.76735 369.01204
36.78736 360.46773
36.80736 364.64674
36.82737 277.18120
36.84737 344.03745
36.86737 376.31598
36.88738 379.86659
36.90738 320.69006
36.92739 435.55925
36.94739 329.16515
36.96739 421.14679
36.98740 394.23369
37.00740 340.76265
37.02741 462.03960
37.04741 313.79225
37.06741 419.63184
37.08742 423.90329
37.10742 340.54320
37.12743 443.89752
37.14743 361.97197
37.16743 389.10902
37.18744 387.89047
37.20744 368.35898
37.22745 415.81487
37.24745 415.14893
37.26745 288.24794
37.28746 441.09159
37.30746 292.95002
37.32747 427.90197
37.34747 432.80995
37.36747 322.12641
37.38748 356.33406
37.40748 321.78958
37.42749 366.52880
37.44749 362.07318
37.46749 416.65796
37.48750 443.39041
37.50750 447.85921
37.52751 350.16665
37.54751 368.01400
37.56751 294.50323
37.58752 338.58167
37.60752 427.31780
37.62753 460.05440
37.64753 317.75785
37.66753 350.05212
37.68754 378.55509
37.70754 394.08347
37.72755 339.79528
37.74755 401.67855
37.76755 356.98357
37.78756 380.15296
37.80756 408.38983
37.82757 381.59677
37.84757 359.65640
37.86757 376.19524
37.88758 377.45763
37.90758 363.57526
37.92759 369.33605
37.94759 462.40825
37.96759 410.72191
37.98760 368.10196
38.00760 417.92374
38.02761 366.58508
38.04761 442.13233
38.06761 402.15824
38.08762 378.51107
38.10762 406.46206
38.12763 305.73245
38.14763 328.13792
38.16763 324.98008
38.18764 392.02353
38.20764 471.70217
38.22765 496.84146
38.24765 417.37905
38.26765 410.71876
38.28766 295.82369
38.30766 358.94293
38.32767 346.88747
38.34767 355.43432
38.36767 378.26954
38.38768 363.27225
38.40768 288.11182
38.42769 424.67237
38.44769 333.83974
38.46769 399.63928
38.48770 491.58111
38.50770 342.10779
38.52771 261.76268
38.54771 374.17688
38.56771 443.72512
38.58772 486.79455
38.60772 327.59974
38.62773 414.11222
38.64773 366.21177
38.66773 384.37992
38.68774 522.09454
38.70774 314.92890
38.72775 402.96444
38.74775 413.86215
38.76775 444.96685
38.78776 395.77673
38.80776 406.48014
38.82777 371.69523
38.84777 404.93404
38.86777 374.51812
38.88778 422.95637
38.90778 373.59730
38.92779 411.13288
38.94779 391.01475
38.96779 448.98045
38.98780 390.30829
39.00780 304.42639
39.02781 456.37413
39.04781 348.19148
39.06781 360.98982
39.08782 364.09511
39.10782 462.80012
39.12783 287.49454
39.14783 551.36572
39.16783 447.48118
39.18784 406.04032
39.20784 392.33372
39.22785 409.55616
39.24785 421.53462
39.26785 427.93932
39.28786 423.65880
39.30786 400.55765
39.32787 386.41173
39.34787 388.91503
39.36787 386.93332
39.38788 453.56728
39.40788 426.75665
39.42789 250.25942
39.44789 430.27393
39.46789 407.41575
39.48790 396.94354
39.50790 378.65309
39.52791 454.48469
39.54791 445.85542
39.56791 360.03525
39.58792 419.23179
39.60792 350.49638
39.62793 330.29835
39.64793 368.14343
39.66793 442.79901
39.68794 447.53563
39.70794 425.73369
39.72795 436.53425
39.74795 426.28841
39.76795 368.60546
39.78796 422.47570
39.80796 441.10009
39.82797 438.99422
39.84797 460.92536
39.86797 437.09493
39.88798 419.45219
39.90798 455.58733
39.92799 400.95379
39.94799 358.38616
39.96799 394.52659
39.98800 365.63484
40.00800 369.32110
40.02801 396.05412
40.04801 363.85910
40.06801 388.28206
40.08802 309.19944
40.10802 414.74490
40.12803 404.34053
40.14803 363.62586
40.16803 437.64262
40.18804 451.75888
40.20804 324.70242
40.22805 367.14422
40.24805 367.02338
40.26805 358.68538
40.28806 447.35432
40.30806 396.38931
40.32807 393.05491
40.34807 306.28758
40.36807 438.45164
40.38808 344.91786
40.40808 410.07745
40.42809 421.14970
40.44809 475.51383
40.46809 342.23992
40.48810 256.90537
40.50810 417.27349
40.52811 498.30662
40.54811 470.42841
40.56811 419.16411
40.58812 384.29937
40.60812 449.43735
40.62813 360.60395
40.64813 433.29918
40.66813 434.95484
40.68814 462.89187
40.70814 548.06442
40.72815 429.90225
40.74815 385.03332
40.76815 409.40282
40.78816 322.42778
40.80816 376.34596
40.82817 390.81753
40.84817 385.27728
40.86817 419.29948
40.88818 370.76078
40.90818 468.13335
40.92819 412.29221
40.94819 412.01688
40.96819 396.28720
40.98820 420.64151
41.00820 454.33693
41.02821 369.92555
41.04821 380.57627
41.06821 398.49583
41.08822 346.58863
41.10822 373.11932
41.12823 390.47121
41.14823 458.20176
41.16823 427.81040
41.18824 424.56187
41.20824 457.62731
41.22825 408.41387
41.24825 435.00574
41.26825 410.52145
41.28826 429.15069
41.30826 386.94468
41.32827 294.34180
41.34827 409.76874
41.36827 487.82014
41.38828 463.19355
41.40828 465.35269
41.42829 479.08939
41.44829 421.91578
41.46829 427.54872
41.48830 387.00038
41.50830 402.27937
41.52831 449.07161
41.54831 478.67732
41.56831 411.71082
41.58832 396.37371
41.60832 419.10961
41.62833 449.34359
41.64833 347.29056
41.66833 304.87429
41.68834 392.35653
41.70834 359.04780
41.72835 394.87645
41.74835 413.09448
41.76835 398.02112
41.78836 493.50695
41.80836 437.42085
41.82837 436.30737
41.84837 452.59405
41.86837 364.74208
41.88838 473.83937
41.90838 418.29560
41.92839 455.80789
41.94839 368.89104
41.96839 344.99600
41.98840 463.77846
42.00840 441.90449
42.02841 378.18148
42.04841 380.00094
42.06841 479.95588
42.08842 364.41358
42.10842 506.21786
42.12843 379.25322
42.14843 456.40389
42.16843 408.25341
42.18844 455.04375
42.20844 397.87872
42.22845 417.14481
42.24845 427.53046
42.26845 375.57516
42.28846 462.92579
42.30846 400.42394
42.32847 414.85466
42.34847 376.76723
42.36847 298.56805
42.38848 417.33339
42.40848 547.71559
42.42849 466.51507
42.44849 426.52188
42.46849 414.54040
42.48850 429.00827
42.50850 455.44097
42.52851 369.24442
42.54851 484.20118
42.56851 464.45420
42.58852 464.79446
42.60852 451.00900
42.62853 430.26609
42.64853 463.12836
42.66853 459.27604
42.68854 412.18334
42.70854 401.40533
42.72855 435.37827
42.74855 507.93650
42.76855 368.73018
42.78856 357.50931
42.80856 439.32366
42.82857 433.83004
42.84857 440.15278
42.86857 443.88340
42.88858 420.72566
42.90858 506.57899
42.92859 352.24066
42.94859 391.06105
42.96859 427.52320
42.98860 350.72654
43.00860 424.29330
43.02861 516.35957
43.04861 434.53042
43.06861 445.22118
43.08862 370.87794
43.10862 403.26815
43.12863 415.52644
43.14863 418.60054
43.16863 498.76853
43.18864 462.77093
43.20864 379.51352
43.22865 447.61170
43.24865 460.39758
43.26865 492.69399
43.28866 514.91361
43.30866 385.33191
43.32867 395.74378
43.34867 373.60780
43.36867 424.98574
43.38868 460.20470
43.40868 486.45354
43.42869 433.48931
43.44869 421.49452
43.46869 445.27484
43.48870 396.12983
43.50870 542.56395
43.52871 357.90401
43.54871 447.72413
43.56871 539.86745
43.58872 439.22717
43.60872 429.58527
43.62873 421.41499
43.64873 430.46771
43.66873 508.32976
43.68874 329.29428
43.70874 516.75910
43.72875 369.08960
43.74875 427.15488
43.76875 419.22532
43.78876 470.31524
43.80876 361.18140
43.82877 464.39629
43.84877 542.70318
43.86877 373.52904
43.88878 451.37309
43.90878 408.98871
43.92879 463.58222
43.94879 443.44529
43.96879 410.61359
43.98880 467.28159
44.00880 533.30542
44.02881 433.74287
44.04881 479.47599
44.06881 379.02449
44.08882 396.06636
44.10882 467.70853
44.12883 518.49406
44.14883 462.26897
44.16883 429.03544
44.18884 444.85295
44.20884 382.56803
44.22885 475.51422
44.24885 489.60515
44.26885 423.08402
44.28886 422.38647
44.30886 459.38253
44.32887 424.45267
44.34887 443.18207
44.36887 551.67483
44.38888 434.53749
44.40888 429.17181
44.42889 414.91177
44.44889 484.69850
44.46889 438.62773
44.48890 415.42033
44.50890 514.15422
44.52891 519.26921
44.54891 418.46792
44.56891 355.36214
44.58892 499.26486
44.60892 414.85773
44.62893 488.82054
44.64893 350.98411
44.66893 494.31920
44.68894 389.33078
44.70894 486.62762
44.72895 451.00311
44.74895 402.79253
44.76895 430.33772
44.78896 485.20550
44.80896 456.38434
44.82897 480.51031
44.84897 550.31173
44.86897 373.47766
44.88898 532.75041
44.90898 457.30761
44.92899 407.35066
44.94899 385.97422
44.96899 443.23392
44.98900 498.97248
45.00900 446.71256
45.02901 528.84780
45.04901 380.93131
45.06901 453.08569
45.08902 391.27051
45.10902 472.27181
45.12903 498.63463
45.14903 433.45221
45.16903 324.47965
45.18904 464.83779
45.20904 476.92735
45.22905 475.50520
45.24905 517.27961
45.26905 402.13785
45.28906 489.90138
45.30906 515.71599
45.32907 367.36128
45.34907 472.47329
45.36907 431.48175
45.38908 452.81464
45.40908 474.47464
45.42909 432.92943
45.44909 423.70549
45.46909 459.39856
45.48910 403.52868
45.50910 403.79976
45.52911 492.25972
45.54911 401.05140
45.56911 492.00676
45.58912 482.02074
45.60912 372.80088
45.62913 425.41303
45.64913 519.19677
45.66913 410.63306
45.68914 436.67117
45.70914 483.19446
45.72915 499.46098
45.74915 447.91455
45.76915 430.81603
45.78916 532.01007
45.80916 548.03660
45.82917 510.23456
45.84917 465.75761
45.86917 421.27845
45.88918 420.36956
45.90918 488.21752
45.92919 483.21177
45.94919 532.57183
45.96919 495.21444
45.98920 387.73796
46.00920 515.68940
46.02921 413.38903
46.04921 444.29353
46.06921 476.20215
46.08922 563.67555
46.10922 619.58815
46.12923 494.62841
46.14923 455.33247
46.16923 491.41762
46.18924 509.27515
46.20924 449.05904
46.22925 555.05303
46.24925 476.99604
46.26925 490.57969
46.28926 499.18879
46.30926 487.17195
46.32927 508.23968
46.34927 435.63004
46.36927 438.77765
46.38928 411.88507
46.40928 489.06788
46.42929 506.23968
46.44929 490.38154
46.46929 551.41756
46.48930 467.61318
46.50930 501.53010
46.52931 413.70801
46.54931 449.13811
46.56931 503.47003
46.58932 511.34828
46.60932 454.39487
46.62933 465.71330
46.64933 393.59961
46.66933 451.84188
46.68934 514.41254
46.70934 498.85367
46.72935 495.32674
46.74935 472.98218
46.76935 471.04670
46.78936 437.87752
46.80936 506.03504
46.82937 492.34231
46.84937 496.09464
46.86937 445.39200
46.88938 364.22663
46.90938 526.95145
46.92939 448.35199
46.94939 429.35511
46.96939 507.36788
46.98940 453.29335
47.00940 526.09084
47.02941 504.14436
47.04941 507.67256
47.06941 405.39635
47.08942 534.49138
47.10942 487.15675
47.12943 455.83040
47.14943 481.66372
47.16943 385.88258
47.18944 495.32702
47.20944 423.62584
47.22945 407.66094
47.24945 399.37654
47.26945 531.32896
47.28946 444.43141
47.30946 552.78100
47.32947 449.50459
47.34947 391.12680
47.36947 420.86852
47.38948 538.68536
47.40948 469.29991
47.42949 449.88049
47.44949 485.49581
47.46949 502.78408
47.48950 533.76492
47.50950 550.51998
47.52951 460.30663
47.54951 412.19271
47.56951 458.02188
47.58952 491.90920
47.60952 430.90727
47.62953 431.43771
47.64953 496.68469
47.66953 477.26272
47.68954 481.53523
47.70954 442.17065
47.72955 468.77542
47.74955 434.28384
47.76955 525.20546
47.78956 532.65805
47.80956 388.78623
47.82957 434.82012
47.84957 406.66924
47.86957 449.19454
47.88958 477.72388
47.90958 409.61356
47.92959 436.20287
47.94959 432.29803
47.96959 493.05931
47.98960 486.36320
48.00960 447.00914
48.02961 492.13710
48.04961 456.16209
48.06961 470.11338
48.08962 567.56878
48.10962 551.11927
48.12963 419.31720
48.14963 525.98292
48.16963 525.26617
48.18964 427.48321
48.20964 526.03530
48.22965 562.19306
48.24965 429.36926
48.26965 439.82140
48.28966 536.77965
48.30966 499.67138
48.32967 513.87047
48.34967 503.52616
48.36967 506.23154
48.38968 420.57317
48.40968 539.46270
48.42969 545.77636
48.44969 476.02736
48.46969 485.52309
48.48970 411.34160
48.50970 513.80976
48.52971 516.89993
48.54971 485.38755
48.56971 544.91481
48.58972 472.19332
48.60972 517.32752
48.62973 438.31404
48.64973 488.31969
48.66973 480.97963
48.68974 501.16278
48.70974 471.62107
48.72975 483.72383
48.74975 531.79986
48.76975 468.85933
48.78976 410.56872
48.80976 578.57681
48.82977 560.37036
48.84977 426.88456
48.86977 526.18313
48.88978 466.74904
48.90978 505.27218
48.92979 507.00907
48.94979 480.77751
48.96979 453.50966
48.98980 458.37093
49.00980 447.28842
49.02981 451.70695
49.04981 490.13919
49.06981 457.91014
49.08982 528.00078
49.10982 568.46053
49.12983 465.29560
49.14983 506.46852
49.16983 519.68260
49.18984 518.49849
49.20984 498.89618
49.22985 532.43258
49.24985 519.61095
49.26985 433.81542
49.28986 539.35638
49.30986 540.46316
49.32987 458.13435
49.34987 498.39559
49.36987 530.86519
49.38988 486.43309
49.40988 550.74772
49.42989 615.49248
49.44989 458.19960
49.46989 428.64671
49.48990 513.08991
49.50990 534.17715
49.52991 486.75574
49.54991 571.16213
49.56991 431.76885
49.58992 533.54511
49.60992 468.80618
49.62993 585.26816
49.64993 599.12507
49.66993 461.36651
49.68994 472.42152
49.70994 543.07881
49.72995 480.94293
49.74995 498.22894
49.76995 501.96896
49.78996 404.91592
49.80996 500.40773
49.82997 466.81327
49.84997 476.84356
49.86997 573.88134
49.88998 439.07444
49.90998 542.76008
49.92999 488.35171
49.94999 488.51189
49.96999 542.21853
49.99000 519.90254
50.01000 531.63067
50.03001 551.70929
50.05001 486.93468
50.07001 473.08830
50.09002 449.64265
50.11002 462.82969
50.13003 651.75498
50.15003 566.73428
50.17003 437.14662
50.19004 438.77748
50.21004 529.19372
50.23005 532.66370
50.25005 532.94469
50.27005 492.95275
50.29006 499.62787
50.31006 522.49460
50.33007 510.59531
50.35007 395.53568
50.37007 495.21076
50.39008 464.33046
50.41008 515.86139
50.43009 656.56381
50.45009 525.87498
50.47009 492.02446
50.49010 553.99106
50.51010 532.23541
50.53011 529.30578
50.55011 538.84363
50.57011 611.52832
50.59012 452.35676
50.61012 532.78282
50.63013 462.98220
50.65013 537.27693
50.67013 463.76701
50.69014 489.03304
50.71014 495.34692
50.73015 559.09230
50.75015 556.42422
50.77015 448.41567
50.79016 513.64829
50.81016 475.62263
50.83017 448.37641
50.85017 500.65085
50.87017 496.27760
50.89018 633.23760
50.91018 533.74981
50.93019 443.42099
50.95019 484.26320
50.97019 563.77111
50.99020 617.32412
51.01020 433.80285
51.03021 419.30584
51.05021 607.05036
51.07021 533.18285
51.09022 470.48754
51.11022 540.83367
51.13023 382.51487
51.15023 514.67108
51.17023 531.09340
51.19024 561.11589
51.21024 464.40762
51.23025 519.58682
51.25025 469.23127
51.27025 528.47173
51.29026 471.13526
51.31026 495.69758
51.33027 466.51189
51.35027 549.05951
51.37027 559.62530
51.39028 505.17175
51.41028 519.01472
51.43029 444.87329
51.45029 502.51907
51.47029 515.19271
51.49030 648.94264
51.51030 462.50467
51.53031 591.51192
51.55031 568.34604
51.57031 532.73496
51.59032 606.83420
51.61032 537.70849
51.63033 538.76122
51.65033 516.84727
51.67033 580.88178
51.69034 574.72684
51.71034 488.81956
51.73035 454.34110
51.75035 510.35447
51.77035 480.70161
51.79036 517.72735
51.81036 582.97553
51.83037 498.43858
51.85037 519.36253
51.87037 524.60488
51.89038 564.32532
51.91038 409.75935
51.93039 491.96885
51.95039 533.06809
51.97039 582.70789
51.99040 498.30886
52.01040 429.27639
52.03041 554.28963
52.05041 491.73598
52.07041 464.22081
52.09042 492.68691
52.11042 514.87795
52.13043 494.06703
52.15043 414.22600
52.17043 569.55765
52.19044 588.64813
52.21044 557.68052
52.23045 468.42018
52.25045 515.42992
52.27045 525.37848
52.29046 555.84430
52.31046 559.52165
52.33047 489.59597
52.35047 530.60448
52.37047 549.56876
52.39048 599.69590
52.41048 562.33015
52.43049 566.75770
52.45049 531.69623
52.47049 598.22790
52.49050 548.39312
52.51050 485.05063
52.53051 598.47356
52.55051 563.40026
52.57051 506.55294
52.59052 504.93053
52.61052 543.93400
52.63053 552.46450
52.65053 539.36991
52.67053 545.27077
52.69054 614.90325
52.71054 583.68258
52.73055 539.83724
52.75055 577.57103
52.77055 479.07935
52.79056 550.80193
52.81056 621.57094
52.83057 520.40337
52.85057 489.12400
52.87057 499.10130
52.89058 477.42413
52.91058 492.86773
52.93059 513.78046
52.95059 462.22755
52.97059 533.48686
52.99060 578.01984
53.01060 487.71821
53.03061 609.27026
53.05061 559.04571
53.07061 585.23517
53.09062 501.01445
53.11062 576.83248
53.13063 479.70957
53.15063 579.01868
53.17063 543.29831
53.19064 562.56894
53.21064 476.32669
53.23065 490.55297
53.25065 565.36791
53.27065 488.28914
53.29066 559.06690
53.31066 467.74973
53.33067 578.71537
53.35067 474.88054
53.37067 564.32174
53.39068 568.18833
53.41068 502.26823
53.43069 566.40819
53.45069 550.52901
53.47069 510.76485
53.49070 487.47925
53.51070 439.97574
53.53071 555.78956
53.55071 460.26696
53.57071 543.47435
53.59072 525.73477
53.61072 573.06436
53.63073 524.20499
53.65073 523.03491
53.67073 576.30088
53.69074 556.66028
53.71074 555.91522
53.73075 563.77084
53.75075 463.72890
53.77075 578.54698
53.79076 571.53102
53.81076 490.27347
53.83077 529.10364
53.85077 539.54234
53.87077 534.98290
53.89078 558.60078
53.91078 613.67616
53.93079 596.39620
53.95079 476.89694
53.97079 573.81144
53.99080 609.35465
54.01080 562.44845
54.03081 597.85708
54.05081 644.12162
54.07081 594.89362
54.09082 556.37361
54.11082 596.36265
54.13083 551.55265
54.15083 545.70345
54.17083 527.13763
54.19084 623.07905
54.21084 504.18699
54.23085 621.92685
54.25085 570.50171
54.27085 475.74323
54.29086 564.29105
54.31086 441.10730
54.33087 577.58406
54.35087 590.77028
54.37087 517.09094
54.39088 553.08617
54.41088 644.81669
54.43089 522.02153
54.45089 494.56352
54.47089 621.79211
54.49090 646.03834
54.51090 548.29381
54.53091 598.88221
54.55091 615.58290
54.57091 511.58493
54.59092 524.64389
54.61092 610.65295
54.63093 633.55998
54.65093 577.65334
54.67093 505.71862
54.69094 649.26244
54.71094 523.56088
54.73095 533.55257
54.75095 567.62639
54.77095 628.41756
54.79096 593.60838
54.81096 571.85290
54.83097 574.47409
54.85097 553.68544
54.87097 579.61672
54.89098 425.43178
54.91098 537.27945
54.93099 564.37596
54.95099 494.95920
54.97099 572.02611
54.99100 542.68642
55.01100 640.88381
55.03101 631.96105
55.05101 530.21982
55.07101 546.16826
55.09102 550.21280
55.11102 531.52725
55.13103 564.06151
55.15103 516.59620
55.17103 498.17958
55.19104 586.04594
55.21104 586.58690
55.23105 515.09467
55.25105 600.27827
55.27105 524.13166
55.29106 568.56884
55.31106 597.12782
55.33107 554.63003
55.35107 579.24775
55.37107 530.88926
55.39108 547.08745
55.41108 546.81785
55.43109 519.98194
55.45109 548.67219
55.47109 480.28003
55.49110 533.35329
55.51110 543.86725
55.53111 545.50207
55.55111 546.43623
55.57111 555.62293
55.59112 582.88326
55.61112 602.83708
55.63113 526.82300
55.65113 499.35126
55.67113 507.60912
55.69114 535.55124
55.71114 542.51536
55.73115 521.81166
55.75115 495.70567
55.77115 537.90550
55.79116 569.98291
55.81116 590.86310
55.83117 533.44051
55.85117 540.86181
55.87117 515.37683
55.89118 560.33982
55.91118 519.69039
55.93119 590.96825
55.95119 473.21858
55.97119 544.73046
55.99120 577.96735
56.01120 572.30375
56.03121 697.96375
56.05121 581.00210
56.07121 513.50941
56.09122 559.13897
56.11122 475.29991
56.13123 560.28227
56.15123 522.85950
56.17123 610.48186
56.19124 537.43537
56.21124 559.27413
56.23125 533.53457
56.25125 652.45507
56.27125 549.65040
56.29126 657.54043
56.31126 606.82021
56.33127 590.41600
56.35127 584.94936
56.37127 586.40261
56.39128 470.52915
56.41128 553.16865
56.43129 609.57076
56.45129 565.06804
56.47129 497.45345
56.49130 565.29276
56.51130 653.31830
56.53131 630.65765
56.55131 565.41290
56.57131 616.28561
56.59132 550.58783
56.61132 483.91964
56.63133 523.08996
56.65133 647.65774
56.67133 556.01369
56.69134 557.74418
56.71134 555.12151
56.73135 665.52029
56.75135 651.81145
56.77135 681.65255
56.79136 562.96132
56.81136 585.89485
56.83137 495.48154
56.85137 645.36042
56.87137 513.32477
56.89138 582.75256
56.91138 517.24870
56.93139 542.87052
56.95139 530.65078
56.97139 542.32018
56.99140 545.95785
57.01140 545.70058
57.03141 614.98076
57.05141 518.27096
57.07141 584.74121
57.09142 634.81214
57.11142 548.45440
57.13143 538.41832
57.15143 562.98807
57.17143 633.70060
57.19144 584.61976
57.21144 548.55371
57.23145 599.50830
57.25145 520.39990
57.27145 609.78252
57.29146 596.34495
57.31146 560.72420
57.33147 534.38537
57.35147 532.18066
57.37147 603.45561
57.39148 638.36381
57.41148 545.24944
57.43149 600.23420
57.45149 473.16355
57.47149 548.48406
57.49150 576.36204
57.51150 532.63085
57.53151 531.48974
57.55151 545.12613
57.57151 593.32478
57.59152 569.54873
57.61152 467.20366
57.63153 473.28026
57.65153 549.17204
57.67153 602.59967
57.69154 442.54014
57.71154 555.12891
57.73155 554.00307
57.75155 649.93239
57.77155 561.46445
57.79156 600.06503
57.81156 588.17848
57.83157 474.78734
57.85157 619.92606
57.87157 592.48557
57.89158 607.32922
57.91158 778.42771
57.93159 478.11022
57.95159 668.75074
57.97159 568.34357
57.99160 597.28243
58.01160 580.84041
58.03161 562.10425
58.05161 555.02446
58.07161 600.19158
58.09162 508.05750
58.11162 621.64518
58.13163 563.50654
58.15163 528.01284
58.17163 562.21570
58.19164 647.77384
58.21164 558.34967
58.23165 603.23914
58.25165 548.96869
58.27165 623.61264
58.29166 620.19197
58.31166 678.54706
58.33167 577.53847
58.35167 619.94944
58.37167 591.62012
58.39168 651.71037
58.41168 551.17520
58.43169 624.56713
58.45169 577.78204
58.47169 584.50753
58.49170 592.50461
58.51170 600.72904
58.53171 582.50561
58.55171 599.25276
58.57171 667.62305
58.59172 638.18967
58.61172 632.57495
58.63173 566.54029
58.65173 545.05526
58.67173 637.48237
58.69174 633.71972
58.71174 663.75096
58.73175 560.11843
58.75175 579.04007
58.77175 508.74334
58.79176 571.29403
58.81176 640.94615
58.83177 567.99289
58.85177 623.54169
58.87177 582.19259
58.89178 608.12063
58.91178 534.73325
58.93179 596.57834
58.95179 442.96111
58.97179 583.37314
58.99180 511.39432
59.01180 653.41775
59.03181 632.18843
59.05181 616.85165
59.07181 669.76845
59.09182 546.47236
59.11182 681.48638
59.13183 640.92784
59.15183 582.69054
59.17183 651.49935
59.19184 539.60371
59.21184 553.89272
59.23185 564.88898
59.25185 569.06962
59.27185 542.89066
59.29186 657.07274
59.31186 583.17590
59.33187 613.94391
59.35187 568.00114
59.37187 505.68858
59.39188 610.42165
59.41188 501.50607
59.43189 593.88716
59.45189 529.10315
59.47189 697.08274
59.49190 643.48712
59.51190 603.40671
59.53191 661.50440
59.55191 556.20330
59.57191 625.89311
59.59192 608.90971
59.61192 612.32023
59.63193 662.93694
59.65193 636.14391
59.67193 614.15553
59.69194 517.17501
59.71194 552.11711
59.73195 594.18402
59.75195 605.18812
59.77195 544.20936
59.79196 721.50342
59.81196 676.93933
59.83197 631.42558
59.85197 605.12155
59.87197 591.10930
59.89198 554.32386
59.91198 605.99385
59.93199 615.20749
59.95199 540.43188
59.97199 619.42876
59.99200 595.15703
60.01200 507.72965
60.03201 560.30081
60.05201 582.83983
60.07201 698.10453
60.09202 631.74784
60.11202 537.34615
60.13203 628.62208
60.15203 527.15510
60.17203 658.85490
60.19204 581.36415
60.21204 600.43861
60.23205 671.61030
60.25205 541.16233
60.27205 535.86463
60.29206 576.74062
60.31206 658.03957
60.33207 530.35336
60.35207 464.91292
60.37207 584.16280
60.39208 634.50782
60.41208 667.13391
60.43209 584.16280
60.45209 586.94957
60.47209 665.41598
60.49210 514.43390
60.51210 588.69499
60.53211 617.84226
60.55211 630.98204
60.57211 583.23081
60.59212 610.64323
60.61212 484.70486
60.63213 576.40884
60.65213 632.19674
60.67213 560.60664
60.69214 612.87060
60.71214 632.46505
60.73215 593.19400
60.75215 619.04469
60.77215 562.58492
60.79216 600.59102
60.81216 641.63243
60.83217 619.17031
60.85217 582.19514
60.87217 622.93256
60.89218 647.65227
60.91218 509.62476
60.93219 670.27557
60.95219 595.70917
60.97219 633.99644
60.99220 672.78433
61.01220 544.53834
61.03221 577.85001
61.05221 599.09467
61.07221 574.53447
61.09222 700.66901
61.11222 571.28362
61.13223 586.54493
61.15223 624.74176
61.17223 554.61487
61.19224 595.13835
61.21224 630.99509
61.23225 598.67944
61.25225 610.85316
61.27225 589.25594
61.29226 540.19907
61.31226 632.20229
61.33227 704.06932
61.35227 617.44279
61.37227 627.98595
61.39228 651.55892
61.41228 553.65630
61.43229 702.44860
61.45229 627.63934
61.47229 699.31579
61.49230 581.27133
61.51230 709.02612
61.53231 657.08084
61.55231 646.17511
61.57231 630.42437
61.59232 606.49675
61.61232 679.14981
61.63233 626.34126
61.65233 521.16982
61.67233 563.86402
61.69234 610.63110
61.71234 635.62337
61.73235 617.49404
61.75235 681.47204
61.77235 523.16845
61.79236 628.10298
61.81236 530.22466
61.83237 659.30928
61.85237 616.80077
61.87237 642.70424
61.89238 578.72964
61.91238 686.09707
61.93239 674.41010
61.95239 651.70112
61.97239 616.24808
61.99240 651.91685
62.01240 587.77940
62.03241 666.10185
62.05241 705.99815
62.07241 677.25467
62.09242 587.44406
62.11242 642.19509
62.13243 559.66719
62.15243 653.14382
62.17243 647.25452
62.19244 531.43357
62.21244 567.03523
62.23245 611.16752
62.25245 610.48152
62.27245 565.25070
62.29246 645.37352
62.31246 638.69831
62.33247 616.61121
62.35247 588.73513
62.37247 679.16010
62.39248 709.69514
62.41248 602.94675
62.43249 596.71652
62.45249 652.08529
62.47249 609.82348
62.49250 620.95512
62.51250 665.10768
62.53251 532.85726
62.55251 694.44022
62.57251 632.35917
62.59252 608.35053
62.61252 624.66352
62.63253 627.44673
62.65253 542.96524
62.67253 704.47226
62.69254 631.99167
62.71254 652.27553
62.73255 677.90295
62.75255 579.46738
62.77255 654.39914
62.79256 617.54353
62.81256 673.46416
62.83257 524.96429
62.85257 626.57099
62.87257 601.58471
62.89258 653.53893
62.91258 655.62803
62.93259 596.94457
62.95259 596.91721
62.97259 627.19268
62.99260 588.09387
63.01260 675.22521
63.03261 614.86571
63.05261 488.17669
63.07261 614.98504
63.09262 581.99899
63.11262 552.56243
63.13263 572.45493
63.15263 639.99673
63.17263 701.15839
63.19264 650.58561
63.21264 604.80126
63.23265 658.12168
63.25265 612.57199
63.27265 600.99653
63.29266 578.20845
63.31266 548.53518
63.33267 616.83048
63.35267 644.42938
63.37267 631.89556
63.39268 616.12844
63.41268 589.83952
63.43269 667.73917
63.45269 571.67031
63.47269 676.52834
63.49270 587.81613
63.51270 600.50526
63.53271 564.98781
63.55271 613.45700
63.57271 687.49277
63.59272 664.70859
63.61272 688.04833
63.63273 665.43439
63.65273 584.34381
63.67273 623.18788
63.69274 600.91743
63.71274 706.65617
63.73275 580.48803
63.75275 685.21239
63.77275 685.37524
63.79276 732.40860
63.81276 620.64330
63.83277 676.94377
63.85277 755.61030
63.87277 610.84566
63.89278 565.17577
63.91278 548.12732
63.93279 677.96347
63.95279 548.37040
63.97279 624.11199
63.99280 664.79364
64.01280 652.38680
64.03281 664.60031
64.05281 654.64260
64.07281 707.67144
64.09282 596.31237
64.11282 610.27847
64.13283 605.69529
64.15283 686.03790
64.17283 689.74828
64.19284 667.48965
64.21284 704.30311
64.23285 586.42642
64.25285 728.88971
64.27285 721.89048
64.29286 682.70969
64.31286 735.21857
64.33287 563.49751
64.35287 620.30630
64.37287 609.96357
64.39288 683.00275
64.41288 594.62179
64.43289 685.20362
64.45289 716.05571
64.47289 682.48909
64.49290 662.11654
64.51290 598.73536
64.53291 605.98652
64.55291 711.01005
64.57291 687.69660
64.59292 646.97821
64.61292 628.23375
64.63293 548.03887
64.65293 595.98668
64.67293 745.30030
64.69294 585.90661
64.71294 659.60342
64.73295 700.70166
64.75295 587.78337
64.77295 659.96507
64.79296 697.82536
64.81296 651.75459
64.83297 794.74982
64.85297 568.09974
64.87297 704.66617
64.89298 643.28970
64.91298 690.72583
64.93299 674.39522
64.95299 615.87210
64.97299 664.17977
64.99300 560.03491
65.01300 683.29240
65.03301 668.23799
65.05301 685.46311
65.07301 706.63606
65.09302 672.31118
65.11302 661.53470
65.13303 610.27685
65.15303 618.91927
65.17303 714.06708
65.19304 726.74716
65.21304 643.22490
65.23305 657.63060
65.25305 610.29979
65.27305 714.36839
65.29306 689.20143
65.31306 753.19150
65.33307 612.41451
65.35307 637.63031
65.37307 668.30304
65.39308 689.25526
65.41308 646.34744
65.43309 613.68281
65.45309 701.60128
65.47309 693.78771
65.49310 612.11728
65.51310 725.90317
65.53311 716.84100
65.55311 665.24593
65.57311 662.71104
65.59312 686.63407
65.61312 616.04607
65.63313 660.83284
65.65313 551.91213
65.67313 703.55413
65.69314 581.85673
65.71314 735.30242
65.73315 643.82546
65.75315 649.94816
65.77315 629.34485
65.79316 646.52964
65.81316 732.05819
65.83317 536.94123
65.85317 725.37998
65.87317 678.63292
65.89318 601.58070
65.91318 608.36621
65.93319 746.15152
65.95319 615.25656
65.97319 605.06442
65.99320 719.79771
66.01320 680.05967
66.03321 616.43579
66.05321 674.36336
66.07321 612.44451
66.09322 718.97326
66.11322 717.20077
66.13323 690.93258
66.15323 682.61536
66.17323 752.79175
66.19324 664.91670
66.21324 606.03872
66.23325 687.80616
66.25325 769.83486
66.27325 614.99457
66.29326 647.85945
66.31326 686.95493
66.33327 663.63742
66.35327 617.41753
66.37327 722.82564
66.39328 782.93482
66.41328 676.93940
66.43329 622.12945
66.45329 590.08488
66.47329 680.63175
66.49330 723.12685
66.51330 691.89141
66.53331 668.21287
66.55331 639.06952
66.57331 614.12496
66.59332 710.67075
66.61332 714.82181
66.63333 592.04678
66.65333 749.02526
66.67333 698.43691
66.69334 739.91312
66.71334 603.02704
66.73335 602.04226
66.75335 663.08504
66.77335 695.87277
66.79336 760.75163
66.81336 706.43757
66.83337 659.19960
66.85337 620.21525
66.87337 733.23378
66.89338 623.69852
66.91338 753.55725
66.93339 658.11463
66.95339 752.06301
66.97339 706.68051
66.99340 666.08421
67.01340 647.16421
67.03341 656.28867
67.05341 694.94994
67.07341 677.59197
67.09342 644.24362
67.11342 665.85266
67.13343 678.26312
67.15343 568.09760
67.17343 697.64275
67.19344 625.94833
67.21344 617.46781
67.23345 590.96725
67.25345 585.83988
67.27345 607.96217
67.29346 640.48354
67.31346 773.79758
67.33347 650.04068
67.35347 685.42221
67.37347 696.75882
67.39348 683.48805
67.41348 673.26265
67.43349 617.57018
67.45349 750.08128
67.47349 768.09478
67.49350 593.80205
67.51350 626.93360
67.53351 664.34455
67.55351 630.30822
67.57351 704.03342
67.59352 642.52158
67.61352 787.38803
67.63353 738.86270
67.65353 690.16401
67.67353 731.08466
67.69354 735.23041
67.71354 651.93805
67.73355 639.52460
67.75355 684.44266
67.77355 723.81735
67.79356 687.88861
67.81356 602.28580
67.83357 641.19444
67.85357 677.83706
67.87357 677.95247
67.89358 780.56290
67.91358 612.83643
67.93359 707.61533
67.95359 756.99156
67.97359 796.30843
67.99360 662.71612
68.01360 707.70750
68.03361 711.82409
68.05361 693.31019
68.07361 678.79389
68.09362 705.73496
68.11362 557.52392
68.13363 718.43974
68.15363 690.84520
68.17363 673.61260
68.19364 787.27950
68.21364 651.38973
68.23365 665.18267
68.25365 785.11417
68.27365 644.13348
68.29366 658.43082
68.31366 678.78536
68.33367 728.37339
68.35367 696.92683
68.37367 622.10548
68.39368 660.32836
68.41368 656.76911
68.43369 683.47582
68.45369 708.82909
68.47369 708.64724
68.49370 599.13640
68.51370 741.33408
68.53371 700.96551
68.55371 757.76371
68.57371 710.94706
68.59372 744.00334
68.61372 712.46449
68.63373 756.64856
68.65373 715.64984
68.67373 684.84159
68.69374 803.55912
68.71374 734.58928
68.73375 719.02469
68.75375 626.72229
68.77375 626.32217
68.79376 705.57336
68.81376 698.41369
68.83377 660.63154
68.85377 698.58684
68.87377 771.16909
68.89378 726.70791
68.91378 635.08740
68.93379 686.76243
68.95379 652.28958
68.97379 673.35295
68.99380 672.25720
69.01380 669.25575
69.03381 630.58130
69.05381 687.15537
69.07381 665.70777
69.09382 547.46575
69.11382 796.78683
69.13383 748.77675
69.15383 675.72327
69.17383 695.67930
69.19384 636.35567
69.21384 779.92457
69.23385 790.20290
69.25385 703.37319
69.27385 746.91508
69.29386 704.70293
69.31386 629.30236
69.33387 675.74750
69.35387 703.13511
69.37387 674.01136
69.39388 686.00612
69.41388 692.56885
69.43389 693.29494
69.45389 700.15183
69.47389 644.70869
69.49390 662.08818
69.51390 633.90981
69.53391 747.22985
69.55391 593.25676
69.57391 756.41866
69.59392 768.25666
69.61392 684.03020
69.63393 569.18241
69.65393 681.47378
69.67393 696.53014
69.69394 649.40948
69.71394 674.37851
69.73395 776.84923
69.75395 733.78587
69.77395 654.51134
69.79396 621.05963
69.81396 684.78876
69.83397 690.66683
69.85397 726.34967
69.87397 674.97391
69.89398 727.51477
69.91398 798.89753
69.93399 743.11492
69.95399 700.13548
69.97399 693.58242
69.99400 685.10633
70.01400 762.17207
70.03401 671.97440
70.05401 705.80124
70.07401 706.30004
70.09402 678.85098
70.11402 635.51695
70.13403 720.48899
70.15403 701.49011
70.17403 729.75237
70.19404 678.26037
70.21404 766.18149
70.23405 661.50178
70.25405 791.14252
70.27405 618.35872
70.29406 727.67909
70.31406 729.91216
70.33407 666.56281
70.35407 727.76041
70.37407 770.71668
70.39408 596.09985
70.41408 732.27807
70.43409 582.67733
70.45409 659.25767
70.47409 789.19927
70.49410 678.85189
70.51410 649.44703
70.53411 698.44418
70.55411 811.93643
70.57411 617.15704
70.59412 656.37569
70.61412 784.01281
70.63413 802.22639
70.65413 704.36975
70.67413 647.78871
70.69414 814.73356
70.71414 789.86355
70.73415 744.28882
70.75415 669.92139
70.77415 708.29008
70.79416 702.92358
70.81416 727.68419
70.83417 783.89174
70.85417 755.51256
70.87417 657.87294
70.89418 780.76661
70.91418 727.79844
70.93419 746.69516
70.95419 785.86895
70.97419 657.16294
70.99420 711.15071
71.01420 686.56930
71.03421 634.94910
71.05421 730.87761
71.07421 839.31998
71.09422 621.93830
71.11422 712.52820
71.13423 746.36942
71.15423 720.69622
71.17423 709.08595
71.19424 649.98157
71.21424 726.78177
71.23425 677.50427
71.25425 606.04642
71.27425 775.47216
71.29426 763.86188
71.31426 718.72568
71.33427 727.79640
71.35427 770.25861
71.37427 727.95973
71.39428 762.14367
71.41428 702.26872
71.43429 782.94206
71.45429 733.58219
71.47429 727.44555
71.49430 654.43993
71.51430 732.49082
71.53431 676.74532
71.55431 686.62897
71.57431 677.97437
71.59432 665.63144
71.61432 825.38180
71.63433 785.91022
71.65433 815.56168
71.67433 658.59860
71.69434 723.50608
71.71434 655.46805
71.73435 685.55872
71.75435 674.63716
71.77435 782.72275
71.79436 701.13210
71.81436 774.56260
71.83437 751.54971
71.85437 836.72565
71.87437 647.77154
71.89438 784.90545
71.91438 779.46587
71.93439 673.67493
71.95439 772.90058
71.97439 739.55120
71.99440 711.57018
72.01440 681.94725
72.03441 687.38860
72.05441 826.03471
72.07441 723.77829
72.09442 763.05069
72.11442 684.59926
72.13443 685.35162
72.15443 778.64355
72.17443 657.26554
72.19444 704.18370
72.21444 726.84580
72.23445 730.91310
72.25445 716.58984
72.27445 745.53554
72.29446 760.58738
72.31446 762.87651
72.33447 677.05448
72.35447 712.33695
72.37447 786.48289
72.39448 771.67715
72.41448 658.50186
72.43449 744.91886
72.45449 628.63365
72.47449 730.09169
72.49450 822.83334
72.51450 680.75039
72.53451 686.62892
72.55451 766.74660
72.57451 651.60507
72.59452 697.30744
72.61452 758.96729
72.63453 697.63098
72.65453 717.74681
72.67453 766.95463
72.69454 751.02269
72.71454 743.48635
72.73455 713.38936
72.75455 749.04856
72.77455 724.55892
72.79456 753.83587
72.81456 706.29903
72.83457 722.21722
72.85457 682.04782
72.87457 729.99537
72.89458 691.39575
72.91458 676.44351
72.93459 745.27893
72.95459 743.18290
72.97459 771.88964
72.99460 711.38971
73.01460 753.54867
73.03461 760.88595
73.05461 755.78480
73.07461 692.46347
73.09462 741.41436
73.11462 752.35324
73.13463 734.70519
73.15463 630.22243
73.17463 742.77083
73.19464 845.57294
73.21464 717.14447
73.23465 698.94261
73.25465 754.21394
73.27465 751.36546
73.29466 795.58335
73.31466 673.25322
73.33467 772.91568
73.35467 766.06781
73.37467 729.63942
73.39468 753.88116
73.41468 788.61970
73.43469 780.96264
73.45469 680.39594
73.47469 778.75486
73.49470 734.71256
73.51470 741.79073
73.53471 742.00692
73.55471 731.03496
73.57471 798.33252
73.59472 734.76129
73.61472 683.16992
73.63473 719.67078
73.65473 748.48205
73.67473 801.20809
73.69474 770.10212
73.71474 697.62067
73.73475 864.60697
73.75475 753.78628
73.77475 804.51709
73.79476 733.36187
73.81476 767.81559
73.83477 783.32109
73.85477 802.45745
73.87477 794.61616
73.89478 785.55764
73.91478 726.39349
73.93479 713.76057
73.95479 759.17829
73.97479 789.40435
73.99480 731.81195
74.01480 796.40663
74.03481 815.97891
74.05481 697.73206
74.07481 701.90211
74.09482 736.92944
74.11482 759.52886
74.13483 718.11992
74.15483 812.15844
74.17483 765.95169
74.19484 746.92074
74.21484 673.35295
74.23485 679.55768
74.25485 759.59897
74.27485 639.11877
74.29486 796.58046
74.31486 738.24094
74.33487 908.50332
74.35487 861.94452
74.37487 737.67630
74.39488 741.63194
74.41488 796.92791
74.43489 832.50750
74.45489 665.64746
74.47489 658.43018
74.49490 716.84725
74.51490 777.28591
74.53491 773.19275
74.55491 802.03768
74.57491 688.76427
74.59492 633.14200
74.61492 792.04994
74.63493 707.93946
74.65493 648.62492
74.67493 757.00254
74.69494 789.60817
74.71494 744.04657
74.73495 727.45705
74.75495 742.58140
74.77495 732.22041
74.79496 683.54723
74.81496 715.41560
74.83497 777.41367
74.85497 767.63364
74.87497 760.15274
74.89498 702.19237
74.91498 743.07467
74.93499 643.49662
74.95499 761.47374
74.97499 824.19284
74.99500 679.24338
75.01500 723.85365
75.03501 769.80541
75.05501 816.19224
75.07502 731.33892
75.09502 719.33767
75.11502 655.70407
75.13503 759.52218
75.15503 856.65411
75.17504 768.61827
75.19504 753.83644
75.21504 771.25455
75.23505 754.79587
75.25505 714.89979
75.27506 796.91455
75.29506 767.23867
75.31506 757.03129
75.33507 707.58237
75.35507 821.72611
75.37508 789.98589
75.39508 729.30475
75.41508 807.24207
75.43509 732.47233
75.45509 718.45074
75.47510 719.76579
75.49510 669.39756
75.51510 781.72815
75.53511 666.79383
75.55511 697.12892
75.57512 654.97175
75.59512 754.64771
75.61512 751.63521
75.63513 743.01646
75.65513 707.42243
75.67514 701.13966
75.69514 783.16988
75.71514 732.62383
75.73515 776.16939
75.75515 716.28908
75.77516 769.80469
75.79516 826.11549
75.81516 790.45992
75.83517 740.73098
75.85517 774.41166
75.87518 749.71849
75.89518 762.34580
75.91518 745.87128
75.93519 754.13511
75.95519 773.15658
75.97520 713.08402
75.99520 712.15805
76.01520 693.72490
76.03521 683.33852
76.05521 702.68798
76.07522 771.72528
76.09522 719.31281
76.11522 789.83295
76.13523 766.08796
76.15523 666.12710
76.17524 797.50113
76.19524 805.49232
76.21524 715.45930
76.23525 786.36205
76.25525 722.72760
76.27526 770.63607
76.29526 702.72767
76.31526 676.49731
76.33527 747.21181
76.35527 760.36626
76.37528 746.86877
76.39528 707.75126
76.41528 747.15788
76.43529 780.81761
76.45529 765.30826
76.47530 776.87800
76.49530 734.44723
76.51530 826.73893
76.53531 709.54440
76.55531 792.93113
76.57532 827.84771
76.59532 792.99860
76.61532 759.02702
76.63533 742.93842
76.65533 821.35769
76.67534 698.60460
76.69534 721.44718
76.71534 750.27554
76.73535 832.23616
76.75535 789.54189
76.77536 722.35126
76.79536 755.43821
76.81536 740.43747
76.83537 735.86422
76.85537 820.49819
76.87538 703.16659
76.89538 852.39283
76.91538 813.56532
76.93539 826.89695
76.95539 749.40694
76.97540 765.25691
76.99540 701.29640
77.01540 746.92091
77.03541 798.03681
77.05541 838.35726
77.07542 718.39631
77.09542 755.67889
77.11542 766.58927
77.13543 704.56481
77.15543 804.12177
77.17544 738.55483
77.19544 765.18487
77.21544 752.55696
77.23545 735.88755
77.25545 775.20226
77.27546 764.97407
77.29546 757.36170
77.31546 739.73155
77.33547 792.33090
77.35547 859.23557
77.37548 783.74911
77.39548 826.76070
77.41548 707.64373
77.43549 785.24294
77.45549 722.68650
77.47550 703.90870
77.49550 740.98642
77.51550 837.75000
77.53551 825.85586
77.55551 790.70535
77.57552 702.12012
77.59552 769.14116
77.61552 794.24023
77.63553 788.13208
77.65553 687.36563
77.67554 735.23946
77.69554 776.75150
77.71554 806.96998
77.73555 670.54908
77.75555 772.44931
77.77556 787.90799
77.79556 823.43619
77.81556 815.79851
77.83557 810.48424
77.85557 741.55869
77.87558 686.35564
77.89558 762.30315
77.91558 832.23742
77.93559 852.02860
77.95559 818.08337
77.97560 804.22299
77.99560 801.93797
78.01560 755.35009
78.03561 776.85306
78.05561 867.00959
78.07562 736.62825
78.09562 864.69513
78.11562 768.05482
78.13563 850.62788
78.15563 714.21556
78.17564 814.05156
78.19564 748.11788
78.21564 714.39307
78.23565 796.28317
78.25565 836.03010
78.27566 743.50948
78.29566 711.00579
78.31566 781.56439
78.33567 781.98490
78.35567 813.97269
78.37568 834.23648
78.39568 783.98603
78.41568 879.93200
78.43569 798.56861
78.45569 770.23559
78.47570 707.17858
78.49570 774.82402
78.51570 771.33768
78.53571 836.37231
78.55571 811.68129
78.57572 729.78870
78.59572 797.56991
78.61572 822.73379
78.63573 865.75884
78.65573 833.93251
78.67574 827.79968
78.69574 792.96169
78.71574 809.57303
78.73575 852.83272
78.75575 723.91864
78.77576 773.28559
78.79576 752.32915
78.81576 810.11529
78.83577 852.86878
78.85577 761.70900
78.87578 672.24253
78.89578 771.34675
78.91578 837.83152
78.93579 819.23937
78.95579 813.96722
78.97580 778.75829
78.99580 729.00645
79.01580 818.92275
79.03581 751.64398
79.05581 902.76295
79.07582 822.28351
79.09582 764.92578
79.11582 763.58897
79.13583 789.71106
79.15583 782.58322
79.17584 850.60004
79.19584 804.27920
79.21584 758.57684
79.23585 889.88051
79.25585 798.02393
79.27586 834.20054
79.29586 765.54727
79.31586 814.31441
79.33587 811.91417
79.35587 702.07625
79.37588 897.52251
79.39588 861.49101
79.41588 777.29907
79.43589 742.24538
79.45589 814.93699
79.47590 802.09384
79.49590 815.74244
79.51590 807.73790
79.53591 823.67112
79.55591 870.92440
79.57592 827.16431
79.59592 746.47642
79.61592 867.28737
79.63593 881.39000
79.65593 957.16215
79.67594 743.58465
79.69594 812.10349
79.71594 696.05450
79.73595 828.01693
79.75595 773.14950
79.77596 896.93184
79.79596 762.22884
79.81596 716.70048
79.83597 777.79648
79.85597 702.78532
79.87598 839.31472
79.89598 698.70564
79.91598 803.58271
79.93599 698.46928
79.95599 786.54502
79.97600 884.92886
79.99600 820.99239
80.01600 759.98535
80.03601 801.79990
80.05601 804.46096
80.07602 827.39167
80.09602 735.61727
80.11602 833.78860
80.13603 669.14069
80.15603 773.06608
80.17604 780.34666
80.19604 836.62673
80.21604 806.29197
80.23605 735.08232
80.25605 756.31086
80.27606 815.69455
80.29606 802.00723
80.31606 777.20443
80.33607 782.31898
80.35607 841.36911
80.37608 780.87612
80.39608 802.55623
80.41608 915.65766
80.43609 736.17674
80.45609 714.96878
80.47610 846.94044
80.49610 774.02884
80.51610 792.24916
80.53611 769.30325
80.55611 795.57111
80.57612 888.68806
80.59612 849.06762
80.61612 852.27241
80.63613 738.54992
80.65613 752.00363
80.67614 667.80742
80.69614 769.49235
80.71614 857.99659
80.73615 836.20880
80.75615 799.48585
80.77616 809.64654
80.79616 776.51732
80.81616 821.39958
80.83617 849.65559
80.85617 730.76737
80.87618 826.74414
80.89618 858.58354
80.91618 791.40682
80.93619 847.39690
80.95619 953.29463
80.97620 807.54481
80.99620 832.62734
81.01620 776.25918
81.03621 822.42463
81.05621 836.57569
81.07622 823.50427
81.09622 762.97743
81.11622 824.48032
81.13623 887.47207
81.15623 836.99410
81.17624 862.86171
81.19624 803.11179
81.21624 852.65744
81.23625 829.32586
81.25625 768.01698
81.27626 831.68860
81.29626 766.37776
81.31626 784.51862
81.33627 825.82909
81.35627 831.42493
81.37628 757.30113
81.39628 869.66208
81.41628 845.76315
81.43629 782.12645
81.45629 740.68367
81.47630 810.51772
81.49630 795.66581
81.51630 823.82006
81.53631 800.20724
81.55631 718.19027
81.57632 799.34581
81.59632 803.68224
81.61632 850.84628
81.63633 784.45329
81.65633 903.49705
81.67634 724.18133
81.69634 885.52177
81.71634 808.94748
81.73635 863.34272
81.75635 824.55359
81.77636 877.74133
81.79636 801.59549
81.81636 766.23261
81.83637 892.38889
81.85637 815.88968
81.87638 832.84168
81.89638 883.70139
81.91638 770.56607
81.93639 852.13842
81.95639 793.06917
81.97640 816.15549
81.99640 826.57794
82.01640 748.15294
82.03641 784.42222
82.05641 891.11776
82.07642 868.07371
82.09642 820.83221
82.11642 836.32041
82.13643 809.65215
82.15643 892.39348
82.17644 814.74672
82.19644 836.55650
82.21644 882.46594
82.23645 786.49590
82.25645 903.50397
82.27646 749.24148
82.29646 907.44670
82.31646 807.53085
82.33647 814.22974
82.35647 732.06420
82.37648 804.02502
82.39648 774.97447
82.41648 796.78252
82.43649 820.49932
82.45649 875.45449
82.47650 838.14512
82.49650 843.34883
82.51650 773.38906
82.53651 784.32737
82.55651 918.50136
82.57652 792.00510
82.59652 911.77561
82.61652 817.01217
82.63653 829.47967
82.65653 883.08357
82.67654 893.35997
82.69654 824.42477
82.71654 810.75328
82.73655 827.56945
82.75655 847.46339
82.77656 875.33074
82.79656 831.17709
82.81656 862.10995
82.83657 913.28366
82.85657 850.63119
82.87658 847.34840
82.89658 756.02025
82.91658 700.62933
82.93659 851.78466
82.95659 827.82470
82.97660 807.02682
82.99660 845.14250
83.01660 830.14585
83.03661 889.75509
83.05661 837.87166
83.07662 796.41999
83.09662 883.47451
83.11662 823.30968
83.13663 860.69311
83.15663 810.69578
83.17664 802.27501
83.19664 839.17480
83.21664 835.80787
83.23665 859.35783
83.25665 822.13423
83.27666 743.94856
83.29666 814.32790
83.31666 875.85756
83.33667 821.49787
83.35667 824.24754
83.37668 886.08558
83.39668 801.36813
83.41668 760.02667
83.43669 829.33532
83.45669 813.35822
83.47670 789.45464
83.49670 829.19807
83.51670 862.74232
83.53671 837.90265
83.55671 853.91617
83.57672 929.43754
83.59672 821.82325
83.61672 853.08467
83.63673 813.90661
83.65673 797.24933
83.67674 810.52197
83.69674 816.02946
83.71674 858.14122
83.73675 957.82126
83.75675 804.76534
83.77676 819.93629
83.79676 837.81144
83.81676 860.95758
83.83677 854.54521
83.85677 905.77250
83.87678 720.44815
83.89678 722.62130
83.91678 817.37392
83.93679 897.23288
83.95679 764.28551
83.97680 692.38634
83.99680 871.52696
84.01680 855.35089
84.03681 788.85765
84.05681 794.29113
84.07682 795.28097
84.09682 849.49496
84.11682 812.85247
84.13683 869.07147
84.15683 701.83698
84.17684 801.92576
84.19684 788.66570
84.21684 832.35140
84.23685 818.46609
84.25685 885.46070
84.27686 752.80172
84.29686 848.24317
84.31686 874.08545
84.33687 939.20105
84.35687 822.48042
84.37688 862.99168
84.39688 756.77565
84.41688 727.57102
84.43689 889.60759
84.45689 847.29090
84.47690 906.69459
84.49690 779.29885
84.51690 874.16414
84.53691 941.80997
84.55691 869.55439
84.57692 862.59823
84.59692 849.39700
84.61692 770.62516
84.63693 917.14792
84.65693 819.02643
84.67694 874.99352
84.69694 771.81768
84.71694 791.19645
84.73695 922.12384
84.75695 833.20440
84.77696 923.43333
84.79696 847.05806
84.81696 759.07475
84.83697 895.97305
84.85697 822.07510
84.87698 886.70419
84.89698 853.23034
84.91698 775.01392
84.93699 860.58461
84.95699 962.38107
84.97700 877.41928
84.99700 850.09411
85.01700 906.93720
85.03701 863.90350
85.05701 864.04683
85.07702 799.18890
85.09702 865.66260
85.11702 905.94240
85.13703 812.56717
85.15703 925.79511
85.17704 850.18505
85.19704 810.58192
85.21704 905.05204
85.23705 841.03076
85.25705 893.54626
85.27706 841.18262
85.29706 852.97929
85.31706 880.84864
85.33707 870.91553
85.35707 756.79413
85.37708 800.70857
85.39708 903.44129
85.41708 850.56400
85.43709 831.18431
85.45709 789.64221
85.47710 803.78414
85.49710 756.88106
85.51710 853.10700
85.53711 828.44920
85.55711 810.24172
85.57712 855.36498
85.59712 877.16973
85.61712 963.83113
85.63713 783.77710
85.65713 917.54037
85.67714 908.42643
85.69714 821.01676
85.71714 870.33323
85.73715 837.48981
85.75715 869.85594
85.77716 936.22810
85.79716 891.25191
85.81716 886.60205
85.83717 839.85621
85.85717 787.36888
85.87718 851.34834
85.89718 922.30220
85.91718 785.81344
85.93719 809.61741
85.95719 868.88530
85.97720 813.53922
85.99720 823.34582
86.01720 841.99211
86.03721 795.09120
86.05721 814.86602
86.07722 898.94355
86.09722 798.60371
86.11722 784.27863
86.13723 832.87103
86.15723 901.17009
86.17724 854.92626
86.19724 841.74334
86.21724 867.39037
86.23725 778.08710
86.25725 890.30780
86.27726 884.94431
86.29726 845.50717
86.31726 916.46886
86.33727 809.99787
86.35727 922.96816
86.37728 874.49744
86.39728 850.14517
86.41728 866.17915
86.43729 862.00964
86.45729 928.58706
86.47730 813.93900
86.49730 829.84703
86.51730 919.98818
86.53731 838.59633
86.55731 913.59977
86.57732 953.74495
86.59732 848.88344
86.61732 903.24135
86.63733 811.68866
86.65733 907.30998
86.67734 879.74455
86.69734 893.62531
86.71734 837.89483
86.73735 787.31930
86.75735 895.73612
86.77736 767.60340
86.79736 855.10607
86.81736 918.23273
86.83737 880.96856
86.85737 968.99085
86.87738 923.02921
86.89738 839.27888
86.91738 873.53950
86.93739 870.00534
86.95739 793.46508
86.97740 825.75401
86.99740 844.93595
87.01740 771.36301
87.03741 875.74875
87.05741 861.12052
87.07742 790.12946
87.09742 894.18484
87.11742 909.96787
87.13743 885.72600
87.15743 858.37091
87.17744 904.34646
87.19744 908.98541
87.21744 890.54461
87.23745 834.14386
87.25745 889.40455
87.27746 935.54859
87.29746 846.14314
87.31746 981.07160
87.33747 850.09313
87.35747 878.19507
87.37748 843.15048
87.39748 888.13834
87.41748 790.06375
87.43749 850.07279
87.45749 822.96885
87.47750 884.54187
87.49750 927.69736
87.51750 910.47534
87.53751 759.79211
87.55751 980.67860
87.57752 893.53915
87.59752 840.15024
87.61752 887.03163
87.63753 888.18477
87.65753 846.23288
87.67754 889.67119
87.69754 849.60178
87.71754 859.95734
87.73755 846.06152
87.75755 808.94195
87.77756 888.06738
87.79756 910.24057
87.81756 906.91981
87.83757 922.37194
87.85757 897.79273
87.87758 855.13948
87.89758 923.95899
87.91758 814.29996
87.93759 837.34231
87.95759 834.36591
87.97760 936.77876
87.99760 930.11542
88.01760 907.54130
88.03761 936.97257
88.05761 839.61198
88.07762 901.20591
88.09762 877.71747
88.11762 926.52034
88.13763 878.61506
88.15763 865.32917
88.17764 911.82178
88.19764 928.78485
88.21764 851.75918
88.23765 882.32269
88.25765 832.65448
88.27766 760.87350
88.29766 895.99958
88.31766 916.62190
88.33767 899.48002
88.35767 789.09863
88.37768 869.23428
88.39768 776.05941
88.41768 955.66189
88.43769 833.07415
88.45769 950.34710
88.47770 935.07044
88.49770 842.94748
88.51770 831.53779
88.53771 905.89559
88.55771 846.36091
88.57772 893.90139
88.59772 864.83582
88.61772 800.11931
88.63773 777.85387
88.65773 900.91153
88.67774 861.69947
88.69774 862.32290
88.71774 924.97063
88.73775 949.04959
88.75775 876.95028
88.77776 873.74762
88.79776 915.98475
88.81776 823.33086
88.83777 902.53533
88.85777 919.17201
88.87778 925.78927
88.89778 795.14016
88.91778 854.11007
88.93779 848.46471
88.95779 897.57226
88.97780 916.81518
88.99780 967.81352
89.01780 868.42976
89.03781 868.49945
89.05781 951.06172
89.07782 908.60700
89.09782 957.36077
89.11782 908.61464
89.13783 836.52244
89.15783 827.92190
89.17784 817.20274
89.19784 928.08099
89.21784 954.60828
89.23785 987.84658
89.25785 937.73378
89.27786 953.92048
89.29786 866.97778
89.31786 838.35784
89.33787 938.88264
89.35787 917.46275
89.37788 902.15097
89.39788 916.34737
89.41788 913.33811
89.43789 961.56972
89.45789 962.32820
89.47790 924.98997
89.49790 940.26914
89.51790 923.88216
89.53791 875.32059
89.55791 936.40735
89.57792 829.05440
89.59792 951.67377
89.61792 839.45309
89.63793 913.66944
89.65793 857.32162
89.67794 927.44881
89.69794 898.28313
89.71794 820.44164
89.73795 921.41446
89.75795 871.68348
89.77796 944.83689
89.79796 901.04588
89.81796 920.95069
89.83797 853.50123
89.85797 872.11310
89.87798 878.84782
89.89798 944.81492
89.91798 986.04869
89.93799 862.12129
89.95799 956.42232
89.97800 794.29609
89.99800 843.27053
90.01800 855.24111
90.03801 835.75464
90.05801 824.40070
90.07802 924.43010
90.09802 893.27681
90.11802 923.15051
90.13803 938.90391
90.15803 917.86117
90.17804 937.66851
90.19804 901.50378
90.21804 845.83077
90.23805 958.27119
90.25805 876.12491
90.27806 859.00074
90.29806 897.08470
90.31806 860.54009
90.33807 885.50916
90.35807 923.78341
90.37808 924.19784
90.39808 862.08929
90.41808 882.79557
90.43809 961.09753
90.45809 932.40092
90.47810 1011.53421
90.49810 966.98740
90.51810 965.39569
90.53811 838.98765
90.55811 946.77413
90.57812 906.12582
90.59812 881.43211
90.61812 917.58200
90.63813 956.64185
90.65813 934.62290
90.67814 865.85767
90.69814 947.10434
90.71814 878.30206
90.73815 921.21563
90.75815 895.41401
90.77816 899.83824
90.79816 949.29375
90.81816 859.17195
90.83817 1008.64143
90.85817 820.52741
90.87818 881.89837
90.89818 930.49239
90.91818 941.39754
90.93819 907.35809
90.95819 909.71238
90.97820 933.30946
90.99820 901.42852
91.01820 982.84110
91.03821 955.34953
91.05821 957.22333
91.07822 865.47432
91.09822 910.01278
91.11822 899.15894
91.13823 864.10221
91.15823 932.59053
91.17824 887.90007
91.19824 947.75259
91.21824 861.67286
91.23825 1001.33451
91.25825 870.76588
91.27826 926.74767
91.29826 955.57556
91.31826 887.65062
91.33827 959.00611
91.35827 855.12354
91.37828 989.38864
91.39828 917.69026
91.41828 887.36227
91.43829 902.42379
91.45829 958.02888
91.47830 888.56019
91.49830 880.51511
91.51830 907.10621
91.53831 859.53497
91.55831 1009.61031
91.57832 890.46343
91.59832 960.56404
91.61832 929.65674
91.63833 870.15657
91.65833 919.28558
91.67834 958.98350
91.69834 910.57033
91.71834 979.83908
91.73835 971.45925
91.75835 966.52926
91.77836 897.80072
91.79836 866.99147
91.81836 890.50426
91.83837 931.19572
91.85837 948.87305
91.87838 813.20519
91.89838 921.57814
91.91838 930.08830
91.93839 908.50666
91.95839 987.14761
91.97840 943.87296
91.99840 988.49359
92.01840 912.38601
92.03841 970.25795
92.05841 1005.33744
92.07842 989.36883
92.09842 869.37712
92.11842 911.50043
92.13843 907.12604
92.15843 949.04704
92.17844 959.10203
92.19844 883.03976
92.21844 928.57636
92.23845 824.38811
92.25845 997.68177
92.27846 900.16584
92.29846 928.77779
92.31846 910.70215
92.33847 983.68606
92.35847 784.70939
92.37848 925.95424
92.39848 921.69386
92.41848 904.50302
92.43849 1013.69620
92.45849 883.21844
92.47850 966.37477
92.49850 945.79764
92.51850 991.26100
92.53851 895.02562
92.55851 891.93667
92.57852 983.58865
92.59852 950.25126
92.61852 851.93837
92.63853 902.42003
92.65853 948.90445
92.67854 971.67357
92.69854 896.02386
92.71854 784.47264
92.73855 956.54664
92.75855 869.56948
92.77856 829.91862
92.79856 789.36930
92.81856 971.88468
92.83857 937.81655
92.85857 920.30290
92.87858 1001.23698
92.89858 963.85203
92.91858 1013.00084
92.93859 862.74910
92.95859 930.85839
92.97860 851.95029
92.99860 921.51688
93.01860 920.75524
93.03861 964.71676
93.05861 935.86431
93.07862 964.95651
93.09862 969.15820
93.11862 1041.93267
93.13863 918.62144
93.15863 887.53518
93.17864 947.09054
93.19864 894.87240
93.21864 1009.28448
93.23865 921.22558
93.25865 907.30770
93.27866 912.22077
93.29866 971.90747
93.31866 928.29929
93.33867 904.30334
93.35867 1019.85431
93.37868 893.97827
93.39868 938.76510
93.41868 969.80214
93.43869 855.82012
93.45869 961.59994
93.47870 885.03157
93.49870 979.12614
93.51870 890.05449
93.53871 973.02553
93.55871 993.87877
93.57872 981.85898
93.59872 951.55303
93.61872 927.62219
93.63873 910.56630
93.65873 1013.13905
93.67874 904.81260
93.69874 888.13409
93.71874 973.45588
93.73875 900.58064
93.75875 893.08434
93.77876 868.60734
93.79876 916.84211
93.81876 937.05189
93.83877 953.54226
93.85877 989.15303
93.87878 968.13265
93.89878 932.44419
93.91878 932.27805
93.93879 967.89575
93.95879 1006.21643
93.97880 949.10367
93.99880 919.53145
94.01880 893.54474
94.03881 871.12781
94.05881 976.90160
94.07882 972.68708
94.09882 972.85637
94.11882 937.75527
94.13883 1014.73501
94.15883 920.38239
94.17884 992.55182
94.19884 943.05125
94.21884 914.77090
94.23885 975.01499
94.25885 966.07032
94.27886 963.63720
94.29886 950.05252
94.31886 944.29398
94.33887 1065.80728
94.35887 1005.80155
94.37888 982.93010
94.39888 952.57876
94.41888 997.54670
94.43889 973.28862
94.45889 948.89916
94.47890 932.61074
94.49890 943.94313
94.51890 789.66775
94.53891 958.91912
94.55891 924.16531
94.57892 1028.42266
94.59892 949.95640
94.61892 889.74107
94.63893 946.89527
94.65893 897.28326
94.67894 973.45973
94.69894 964.53677
94.71894 998.08142
94.73895 910.84539
94.75895 952.28992
94.77896 882.53847
94.79896 986.06434
94.81896 977.13320
94.83897 976.17993
94.85897 951.67067
94.87898 972.52840
94.89898 1032.20675
94.91898 937.93513
94.93899 959.32214
94.95899 898.28360
94.97900 909.37691
94.99900 957.88066
95.01900 1008.38672
95.03901 940.57604
95.05901 941.79429
95.07902 933.44590
95.09902 927.25236
95.11902 968.93881
95.13903 879.52740
95.15903 1018.63730
95.17904 921.51924
95.19904 991.08557
95.21904 891.69051
95.23905 988.83248
95.25905 989.18775
95.27906 975.00066
95.29906 906.26917
95.31906 968.66805
95.33907 897.23787
95.35907 943.95256
95.37908 1008.26141
95.39908 996.82589
95.41908 957.94999
95.43909 908.65055
95.45909 989.87030
95.47910 958.76002
95.49910 841.97522
95.51910 997.32253
95.53911 957.17944
95.55911 1018.71368
95.57912 904.02763
95.59912 800.15601
95.61912 973.14543
95.63913 973.96946
95.65913 875.05774
95.67914 910.86638
95.69914 1097.75229
95.71914 944.91091
95.73915 996.93943
95.75915 928.05853
95.77916 856.27641
95.79916 952.47869
95.81916 947.91141
95.83917 941.39777
95.85917 955.85968
95.87918 975.00517
95.89918 954.48595
95.91918 898.99153
95.93919 986.70112
95.95919 865.12333
95.97920 860.27409
95.99920 999.95102
96.01920 988.54305
96.03921 960.52231
96.05921 893.81969
96.07922 928.39661
96.09922 950.85486
96.11922 884.39754
96.13923 927.44085
96.15923 997.20884
96.17924 1036.15763
96.19924 944.02066
96.21924 1003.01686
96.23925 869.68947
96.25925 998.56508
96.27926 925.59514
96.29926 981.35988
96.31926 953.80502
96.33927 1032.41338
96.35927 922.87094
96.37928 998.17307
96.39928 953.01743
96.41928 959.27756
96.43929 958.20018
96.45929 925.30926
96.47930 967.08801
96.49930 964.86059
96.51930 980.25505
96.53931 972.61834
96.55931 1008.49285
96.57932 1014.96859
96.59932 916.46203
96.61932 1012.63186
96.63933 910.07646
96.65933 998.98611
96.67934 1000.78030
96.69934 874.42755
96.71934 974.84240
96.73935 946.96867
96.75935 932.65526
96.77936 1038.33618
96.79936 938.30964
96.81936 930.87479
96.83937 975.17843
96.85937 1005.87321
96.87938 964.71133
96.89938 1030.31233
96.91938 998.74262
96.93939 863.48331
96.95939 946.12057
96.97940 944.70185
96.99940 996.96205
97.01940 841.95319
97.03941 1100.84456
97.05941 1000.14542
97.07942 981.23800
97.09942 1033.07258
97.11942 1091.37694
97.13943 1017.93161
97.15943 1022.03497
97.17944 981.32886
97.19944 967.91811
97.21944 951.40467
97.23945 934.08888
97.25945 941.24381
97.27946 908.26676
97.29946 972.20103
97.31946 891.96126
97.33947 985.94051
97.35947 974.77819
97.37948 984.14152
97.39948 950.88822
97.41948 1131.03786
97.43949 1045.40067
97.45949 915.36779
97.47950 989.43836
97.49950 947.59469
97.51950 927.47105
97.53951 911.39148
97.55951 1000.20595
97.57952 944.72615
97.59952 1027.38650
97.61952 1028.88435
97.63953 1048.09100
97.65953 936.97598
97.67954 1003.56364
97.69954 1011.61811
97.71954 956.48653
97.73955 941.80688
97.75955 1061.07155
97.77956 992.17035
97.79956 1012.79399
97.81956 940.09184
97.83957 920.43146
97.85957 953.12323
97.87958 975.59469
97.89958 928.78480
97.91958 981.70360
97.93959 897.97062
97.95959 926.59355
97.97960 1016.34152
97.99960 1013.18553
98.01960 963.60220
98.03961 932.50786
98.05961 932.22594
98.07962 965.13275
98.09962 1016.22212
98.11962 1030.60852
98.13963 959.56969
98.15963 926.92170
98.17964 998.18854
98.19964 943.81965
98.21964 959.28381
98.23965 1051.66028
98.25965 1026.95229
98.27966 993.69527
98.29966 922.40065
98.31966 996.76647
98.33967 1039.52954
98.35967 967.81504
98.37968 1054.35246
98.39968 1051.63406
98.41968 1070.38348
98.43969 1002.65904
98.45969 1016.96650
98.47970 1058.50632
98.49970 1010.36670
98.51970 963.13533
98.53971 965.96994
98.55971 1000.52487
98.57972 924.26909
98.59972 981.83425
98.61972 1044.02460
98.63973 879.83459
98.65973 1066.32142
98.67974 1045.91607
98.69974 967.00917
98.71974 1017.36698
98.73975 990.55487
98.75975 1052.09704
98.77976 1039.93172
98.79976 920.99406
98.81976 1020.56076
98.83977 981.11629
98.85977 995.73935
98.87978 955.38916
98.89978 1079.40465
98.91978 1044.20093
98.93979 955.40932
98.95979 925.86739
98.97980 973.51433
98.99980 1014.72313
99.01980 1005.20833
99.03981 1056.05472
99.05981 1033.09411
99.07982 1042.27661
99.09982 1010.34097
99.11982 924.73330
99.13983 984.61335
99.15983 1047.60281
99.17984 992.22221
99.19984 1020.15292
99.21984 979.26102
99.23985 943.90789
99.25985 989.43132
99.27986 1011.25093
99.29986 963.21421
99.31986 984.41308
99.33987 949.42552
99.35987 1052.56097
99.37988 982.07597
99.39988 1069.63658
99.41988 1073.63623
99.43989 993.34658
99.45989 947.17648
99.47990 893.50407
99.49990 924.39715
99.51990 929.50730
99.53991 1067.32256
99.55991 1004.39035
99.57992 1018.27939
99.59992 887.97815
99.61992 939.30092
99.63993 1043.75327
99.65993 1013.93803
99.67994 992.43910
99.69994 1028.24152
99.71994 1081.98933
99.73995 989.34736
99.75995 1004.06801
99.77996 1010.42941
99.79996 1120.60508
99.81996 896.23183
99.83997 1035.56083
99.85997 995.85961
99.87998 1030.13835
99.89998 969.13117
99.91998 999.75159
99.93999 1037.97041
99.95999 1158.24543
99.98000 1043.20177
100.00000 960.59672
