0.00000 0.04 -0.000 -0.00
0.00000 0.21 -0.000 -0.00
0.00000 0.22 -0.000 -0.00
0.00000 -0.67 0.000 0.00
0.00000 0.79 -0.000 -0.01
0.00000 -0.35 -0.000 0.00
0.00000 -0.06 0.000 0.00
0.00000 0.71 -0.000 -0.01
0.00000 -0.26 -0.000 -0.00
0.00000 -0.60 0.000 0.01
0.00000 -0.33 0.000 0.01
0.00000 0.52 0.000 0.00
0.00000 -0.24 0.000 0.01
0.00000 -0.61 0.000 0.01
0.00000 -0.18 0.000 0.01
0.00000 -0.26 0.000 0.01
0.00000 0.15 0.000 0.01
0.00000 -0.47 0.000 0.01
0.00000 0.79 0.000 -0.00
0.00000 0.25 0.000 -0.00
0.00000 0.46 0.000 -0.01
0.00000 -0.21 0.000 -0.00
0.00000 0.56 0.000 -0.01
0.00000 1.36 -0.000 -0.02
0.00000 0.60 -0.000 -0.02
0.00000 1.21 -0.000 -0.02
0.00000 0.09 -0.000 -0.01
0.00000 1.23 -0.000 -0.01
0.00000 -0.04 -0.000 0.00
0.00000 0.33 -0.000 0.01
0.00000 1.01 -0.000 0.01
0.00000 1.54 -0.000 0.00
0.00000 0.86 -0.000 0.01
0.00000 0.94 -0.000 0.01
0.00000 0.87 -0.000 0.01
0.00000 0.76 -0.000 0.02
0.00000 1.91 -0.000 0.02
0.00000 1.26 -0.000 0.02
0.00000 0.31 0.000 0.04
0.00002 0.99 0.000 0.04
0.00002 0.60 0.000 0.05
0.00002 0.45 0.000 0.06
0.00002 1.36 0.000 0.05
0.00002 2.06 0.000 0.05
0.00002 2.19 0.000 0.04
0.00002 1.57 0.000 0.04
0.00002 1.21 0.000 0.05
0.00002 2.73 0.000 0.05
0.00002 0.78 0.000 0.06
0.00004 2.34 0.000 0.06
0.00004 2.38 0.000 0.06
0.00004 2.87 0.000 0.06
0.00004 2.85 0.000 0.06
0.00005 2.84 0.000 0.06
0.00009 1.35 0.000 0.08
0.00011 2.62 0.000 0.09
0.00013 1.72 0.001 0.10
0.00015 2.99 0.001 0.11
0.00016 2.33 0.001 0.12
0.00018 2.38 0.001 0.13
0.00020 1.46 0.001 0.14
0.00022 3.05 0.001 0.14
0.00024 1.86 0.001 0.15
0.00025 3.46 0.001 0.15
0.00027 2.65 0.001 0.16
0.00031 2.09 0.002 0.17
0.00033 2.00 0.002 0.18
0.00034 3.80 0.002 0.17
0.00038 3.04 0.002 0.17
0.00040 2.95 0.002 0.18
0.00044 2.81 0.002 0.18
0.00047 3.03 0.002 0.18
0.00051 3.26 0.002 0.19
0.00053 2.94 0.002 0.20
0.00056 4.17 0.002 0.19
0.00060 3.42 0.002 0.20
0.00065 3.63 0.002 0.21
0.00069 2.84 0.002 0.23
0.00073 4.30 0.002 0.23
0.00076 3.52 0.002 0.24
0.00082 2.81 0.003 0.26
0.00085 4.54 0.003 0.25
0.00091 4.99 0.003 0.26
0.00096 3.20 0.003 0.27
0.00100 4.39 0.003 0.28
0.00105 4.14 0.003 0.28
0.00111 3.70 0.003 0.30
0.00116 3.21 0.003 0.31
0.00122 4.42 0.003 0.32
0.00127 4.28 0.004 0.32
0.00134 4.87 0.004 0.32
0.00140 4.86 0.004 0.33
0.00145 4.74 0.004 0.33
0.00152 3.68 0.004 0.35
0.00160 4.62 0.004 0.36
0.00167 6.99 0.004 0.36
0.00174 4.90 0.004 0.37
0.00181 5.66 0.004 0.38
0.00189 5.50 0.004 0.38
0.00196 4.85 0.004 0.39
0.00205 5.37 0.005 0.40
0.00212 5.04 0.005 0.41
0.00221 5.18 0.005 0.43
0.00230 3.35 0.005 0.45
0.00240 6.67 0.005 0.45
0.00249 5.49 0.006 0.47
0.00258 3.71 0.006 0.48
0.00267 5.12 0.006 0.49
0.00278 3.89 0.006 0.50
0.00287 3.33 0.007 0.52
0.00298 4.91 0.007 0.52
0.00307 4.67 0.007 0.52
0.00318 4.88 0.007 0.52
0.00327 3.69 0.007 0.53
0.00338 3.71 0.007 0.54
0.00348 3.84 0.008 0.55
0.00359 5.05 0.008 0.54
0.00370 3.87 0.008 0.55
0.00379 5.09 0.008 0.55
0.00390 4.39 0.008 0.55
0.00401 3.86 0.008 0.56
0.00412 3.33 0.008 0.56
0.00423 4.51 0.009 0.56
0.00434 6.19 0.008 0.55
0.00446 3.68 0.009 0.57
0.00457 4.01 0.009 0.57
0.00468 4.31 0.009 0.57
0.00479 4.75 0.009 0.58
0.00490 4.74 0.009 0.58
0.00503 4.68 0.009 0.58
0.00514 4.35 0.010 0.59
0.00525 3.88 0.010 0.60
0.00537 5.73 0.010 0.59
0.00548 5.08 0.010 0.59
0.00561 5.34 0.010 0.60
0.00572 3.53 0.010 0.61
0.00584 4.40 0.010 0.61
0.00595 5.47 0.010 0.61
0.00608 5.14 0.011 0.62
0.00621 3.51 0.011 0.63
0.00633 4.77 0.011 0.63
0.00646 4.17 0.011 0.64
0.00657 5.27 0.011 0.64
0.00670 4.96 0.011 0.64
0.00682 4.62 0.012 0.64
0.00695 5.10 0.012 0.63
0.00710 4.69 0.012 0.64
0.00722 4.85 0.012 0.65
0.00735 5.32 0.012 0.65
0.00748 4.84 0.012 0.66
0.00762 4.69 0.013 0.66
0.00775 4.09 0.013 0.68
0.00789 4.86 0.013 0.67
0.00802 5.76 0.013 0.67
0.00817 5.54 0.013 0.66
0.00829 6.11 0.013 0.67
0.00844 4.63 0.013 0.68
0.00858 5.17 0.014 0.68
0.00873 5.44 0.014 0.68
0.00887 4.50 0.014 0.69
0.00902 4.13 0.014 0.71
0.00917 4.95 0.014 0.71
0.00931 4.00 0.015 0.72
0.00947 5.59 0.015 0.71
0.00962 5.64 0.015 0.71
0.00976 5.15 0.015 0.71
0.00991 5.61 0.015 0.71
0.01007 3.88 0.015 0.72
0.01085 2.56 0.016 0.75
0.01098 2.76 0.016 0.76
0.01114 4.03 0.016 0.76
0.01129 4.15 0.017 0.76
0.01143 4.31 0.017 0.75
0.01158 2.95 0.017 0.76
0.01174 3.40 0.017 0.76
0.01189 4.31 0.017 0.75
0.01203 3.64 0.017 0.75
0.01218 3.82 0.018 0.74
0.01232 2.71 0.018 0.75
0.01247 3.02 0.018 0.75
0.01261 3.74 0.018 0.74
0.01276 3.64 0.018 0.73
0.01289 3.61 0.018 0.73
0.01303 4.95 0.018 0.72
0.01318 3.41 0.019 0.72
0.01332 4.71 0.019 0.71
0.01347 4.53 0.019 0.70
0.01361 3.72 0.019 0.71
0.01374 5.27 0.019 0.70
0.01388 4.70 0.019 0.70
0.01403 5.28 0.019 0.69
0.01417 3.20 0.019 0.70
0.01432 4.20 0.020 0.71
0.01446 4.36 0.020 0.71
0.01461 3.43 0.020 0.72
0.01475 3.88 0.020 0.72
0.01490 5.42 0.020 0.71
0.01505 3.66 0.020 0.72
0.01519 3.58 0.021 0.72
0.01534 4.99 0.021 0.72
0.01548 4.35 0.021 0.72
0.01563 5.41 0.021 0.71
0.01579 6.23 0.021 0.71
0.01593 5.14 0.021 0.71
0.01608 4.86 0.021 0.71
0.01623 5.64 0.021 0.71
0.01637 6.01 0.022 0.71
0.01653 4.50 0.022 0.72
0.01668 4.61 0.022 0.73
0.01684 4.10 0.022 0.74
0.01699 7.59 0.022 0.73
0.01715 6.16 0.023 0.74
0.01730 7.46 0.023 0.73
0.01746 4.84 0.023 0.74
0.01762 5.33 0.023 0.76
0.01779 7.13 0.023 0.76
0.01795 7.82 0.023 0.75
0.01811 6.52 0.024 0.76
0.01828 6.35 0.024 0.78
0.01844 6.78 0.024 0.79
0.01862 5.66 0.024 0.80
0.01880 7.32 0.025 0.80
0.01897 5.75 0.025 0.82
0.01915 6.29 0.025 0.82
0.01933 7.84 0.025 0.83
0.01951 8.76 0.025 0.82
0.01971 6.16 0.026 0.84
0.01989 7.05 0.026 0.84
0.02009 7.04 0.026 0.86
0.02027 6.31 0.027 0.86
0.02047 6.21 0.027 0.87
0.02067 6.81 0.027 0.88
0.02087 6.09 0.027 0.89
0.02107 6.41 0.028 0.90
0.02127 6.26 0.028 0.91
0.02147 5.66 0.028 0.91
0.02169 6.80 0.029 0.92
0.02189 6.13 0.029 0.92
0.02211 6.79 0.029 0.92
0.02230 9.45 0.029 0.91
0.02252 6.13 0.029 0.92
0.02274 7.98 0.029 0.92
0.02294 6.68 0.030 0.92
0.02316 5.81 0.030 0.93
0.02339 8.47 0.030 0.94
0.02361 8.09 0.030 0.94
0.02383 7.42 0.031 0.94
0.02407 8.84 0.031 0.95
0.02428 8.25 0.031 0.96
0.02452 8.38 0.031 0.97
0.02475 8.38 0.032 0.97
0.02499 6.05 0.032 0.99
0.02523 8.54 0.032 1.01
0.02548 5.28 0.033 1.02
0.02572 8.72 0.033 1.03
0.02597 6.58 0.033 1.04
0.02623 6.18 0.034 1.05
0.02646 7.24 0.034 1.05
0.02672 5.66 0.034 1.05
0.02699 7.16 0.034 1.05
0.02724 5.51 0.035 1.06
0.02750 6.80 0.035 1.06
0.02775 4.81 0.036 1.08
0.02802 6.38 0.036 1.07
0.02828 7.47 0.036 1.07
0.02853 5.24 0.036 1.07
0.02880 6.45 0.037 1.07
0.02906 4.63 0.037 1.08
0.02933 4.71 0.037 1.08
0.02958 6.07 0.038 1.08
0.02985 7.52 0.038 1.08
0.03011 5.99 0.038 1.07
0.03036 5.13 0.038 1.07
0.03064 5.08 0.038 1.07
0.03089 6.17 0.039 1.06
0.03116 6.18 0.039 1.06
0.03142 6.92 0.039 1.05
0.03169 6.66 0.039 1.05
0.03194 5.87 0.040 1.06
0.03221 5.85 0.040 1.06
0.03247 5.21 0.040 1.06
0.03274 6.41 0.040 1.06
0.03412 3.36 0.041 1.08
0.03436 2.40 0.042 1.10
0.03463 2.02 0.042 1.11
0.03488 3.43 0.042 1.11
0.03515 2.44 0.043 1.11
0.03541 2.10 0.043 1.11
0.03568 3.57 0.044 1.10
0.03593 2.02 0.044 1.10
0.03619 3.45 0.044 1.07
0.03644 3.49 0.044 1.05
0.03670 2.91 0.044 1.03
0.03695 1.85 0.045 1.03
0.03719 3.09 0.045 1.01
0.03744 4.06 0.045 0.99
0.03768 2.01 0.045 0.98
0.03791 3.30 0.045 0.97
0.03815 3.11 0.045 0.95
0.03838 2.38 0.046 0.95
0.03862 4.59 0.046 0.93
0.03886 4.31 0.046 0.91
0.03907 4.04 0.046 0.90
0.03931 4.48 0.046 0.90
0.03953 4.20 0.046 0.89
0.03975 3.87 0.046 0.88
0.03998 4.13 0.046 0.88
0.04020 4.94 0.047 0.87
0.04042 2.89 0.047 0.88
0.04064 5.50 0.047 0.87
0.04085 4.80 0.047 0.86
0.04107 5.84 0.047 0.86
0.04127 3.89 0.048 0.86
0.04149 4.34 0.048 0.86
0.04171 5.16 0.048 0.87
0.04192 4.05 0.048 0.87
0.04214 5.00 0.049 0.87
0.04236 7.01 0.049 0.86
0.04256 4.71 0.049 0.87
0.04278 6.39 0.049 0.87
0.04299 6.09 0.049 0.87
0.04321 6.64 0.050 0.87
0.04343 5.07 0.050 0.87
0.04365 9.25 0.050 0.86
0.04387 7.99 0.050 0.87
0.04410 6.69 0.050 0.88
0.04432 7.71 0.051 0.88
0.04456 8.29 0.051 0.88
0.04477 6.65 0.051 0.90
0.04501 7.89 0.051 0.90
0.04525 7.60 0.052 0.91
0.04548 7.71 0.052 0.92
0.04574 8.22 0.052 0.94
0.04597 6.90 0.053 0.95
0.04623 7.71 0.053 0.96
0.04646 12.32 0.053 0.96
0.04672 7.93 0.054 0.97
0.04697 9.17 0.054 0.98
0.04724 7.84 0.054 1.00
0.04750 8.56 0.055 1.01
0.04777 9.68 0.055 1.01
0.04804 13.06 0.055 1.01
0.04831 8.34 0.056 1.03
0.04858 12.48 0.056 1.04
0.04886 8.16 0.056 1.06
0.04915 11.18 0.057 1.07
0.04944 12.85 0.057 1.08
0.04973 10.92 0.057 1.10
0.05004 12.86 0.058 1.12
0.05033 10.55 0.058 1.14
0.05065 13.56 0.059 1.15
0.05096 10.42 0.059 1.17
0.05129 9.70 0.060 1.20
0.05162 9.82 0.060 1.21
0.05196 10.28 0.061 1.23
0.05229 11.04 0.061 1.24
0.05263 13.39 0.061 1.25
0.05299 10.66 0.062 1.28
0.05334 10.63 0.062 1.29
0.05370 11.21 0.063 1.31
0.05407 11.04 0.063 1.33
0.05443 10.29 0.064 1.35
0.05479 11.14 0.064 1.35
0.05517 8.49 0.065 1.37
0.05555 9.11 0.065 1.38
0.05593 10.57 0.066 1.38
0.05632 9.17 0.066 1.39
0.05670 7.60 0.067 1.41
0.05708 9.92 0.067 1.41
0.05748 9.58 0.067 1.42
0.05786 6.37 0.068 1.44
0.05826 6.93 0.069 1.44
0.06027 2.60 0.070 1.48
0.06060 3.86 0.070 1.50
0.06098 4.38 0.071 1.50
0.06136 4.45 0.071 1.50
0.06176 4.07 0.072 1.49
0.06214 2.29 0.073 1.49
0.06252 2.90 0.073 1.48
0.06289 4.21 0.073 1.46
0.06327 3.11 0.074 1.44
0.06363 3.76 0.074 1.42
0.06401 2.34 0.074 1.41
0.06437 2.48 0.075 1.39
0.06474 2.53 0.075 1.37
0.06510 3.03 0.075 1.35
0.06544 3.31 0.075 1.32
0.06581 2.59 0.076 1.30
0.06615 2.33 0.076 1.28
0.06650 2.51 0.076 1.26
0.06682 2.77 0.076 1.24
0.06717 2.73 0.076 1.22
0.06750 2.52 0.077 1.20
0.06782 4.09 0.077 1.17
0.06815 2.35 0.077 1.16
0.06846 3.28 0.077 1.14
0.06878 2.49 0.077 1.14
0.06909 2.55 0.078 1.13
0.06940 4.42 0.078 1.11
0.06971 2.65 0.078 1.10
0.07002 2.66 0.078 1.10
0.07031 3.62 0.078 1.08
0.07062 3.31 0.079 1.06
0.07091 3.15 0.079 1.06
0.07122 4.63 0.079 1.04
0.07151 4.88 0.079 1.03
0.07180 4.17 0.079 1.02
0.07209 5.02 0.080 1.01
0.07238 4.03 0.080 1.01
0.07265 6.40 0.080 1.00
0.07294 4.99 0.080 0.99
0.07323 5.01 0.081 0.99
0.07350 5.12 0.081 0.99
0.07379 6.60 0.081 0.98
0.07407 6.29 0.081 0.98
0.07436 7.87 0.081 0.97
0.07463 6.51 0.082 0.98
0.07492 5.96 0.082 0.99
0.07519 8.61 0.082 0.99
0.07548 5.75 0.083 1.00
0.07577 8.63 0.083 1.00
0.07604 6.46 0.083 1.01
0.07633 7.35 0.084 1.01
0.07662 8.20 0.084 1.02
0.07691 6.99 0.084 1.03
0.07721 9.00 0.085 1.03
0.07750 8.55 0.085 1.04
0.07779 8.53 0.085 1.05
0.07808 10.01 0.086 1.05
0.07837 8.95 0.086 1.05
0.07868 9.72 0.086 1.06
0.07898 13.91 0.087 1.07
0.07929 12.44 0.087 1.07
0.07960 9.43 0.087 1.09
0.07991 13.46 0.088 1.11
0.08024 12.01 0.088 1.12
0.08056 12.52 0.088 1.13
0.08091 11.07 0.089 1.15
0.08123 10.93 0.089 1.17
0.08160 14.12 0.090 1.19
0.08194 15.31 0.090 1.21
0.08230 14.48 0.091 1.23
0.08267 16.11 0.091 1.25
0.08305 12.70 0.092 1.29
0.08343 9.95 0.092 1.32
0.08381 15.03 0.093 1.34
0.08421 12.59 0.094 1.37
0.08461 18.35 0.094 1.38
0.08501 14.36 0.095 1.40
0.08543 13.40 0.095 1.42
0.08584 15.39 0.095 1.44
0.08628 15.45 0.096 1.47
0.08670 14.10 0.097 1.50
0.08715 12.99 0.098 1.53
0.08759 10.92 0.098 1.56
0.08804 15.40 0.099 1.57
0.08849 14.81 0.100 1.60
0.09096 7.43 0.101 1.65
0.09138 6.67 0.102 1.68
0.09187 7.16 0.102 1.71
0.09236 6.38 0.103 1.73
0.09285 6.51 0.104 1.74
0.09334 4.36 0.105 1.75
0.09383 4.47 0.106 1.76
0.09432 5.56 0.106 1.75
0.09481 6.14 0.107 1.73
0.09530 5.22 0.107 1.72
0.09577 4.01 0.108 1.71
0.09624 4.13 0.109 1.70
0.09672 3.16 0.109 1.68
0.09719 5.74 0.109 1.65
0.09766 3.70 0.110 1.63
0.09811 4.94 0.110 1.60
0.09858 2.99 0.110 1.59
0.09904 3.83 0.111 1.56
0.09949 4.48 0.111 1.54
0.09995 4.36 0.111 1.52
0.10038 2.96 0.112 1.50
0.10083 4.82 0.112 1.48
0.10127 3.25 0.112 1.46
0.10171 2.87 0.112 1.45
0.10214 3.26 0.113 1.44
0.10258 2.97 0.113 1.43
0.10301 4.21 0.114 1.40
0.10343 4.09 0.114 1.38
0.10385 4.44 0.114 1.36
0.10425 4.14 0.114 1.34
0.10466 4.17 0.114 1.33
0.10506 4.08 0.115 1.31
0.10546 3.35 0.115 1.30
0.10586 4.04 0.115 1.29
0.10626 5.21 0.116 1.28
0.10666 4.58 0.116 1.27
0.10704 4.63 0.116 1.26
0.10744 5.46 0.116 1.24
0.10782 4.23 0.117 1.24
0.10820 5.59 0.117 1.23
0.10858 6.03 0.117 1.21
0.10898 5.34 0.118 1.21
0.10935 5.32 0.118 1.21
0.10973 5.33 0.118 1.20
0.11011 4.43 0.119 1.20
0.11049 5.75 0.119 1.21
0.11085 8.22 0.119 1.20
0.11123 5.60 0.120 1.20
0.11160 4.65 0.120 1.20
0.11196 8.28 0.120 1.19
0.11234 6.07 0.121 1.19
0.11270 6.12 0.121 1.19
0.11307 7.33 0.122 1.19
0.11343 7.90 0.122 1.18
0.11379 7.62 0.122 1.19
0.11416 8.96 0.123 1.18
0.11454 8.59 0.123 1.18
0.11490 12.04 0.123 1.17
0.11526 9.40 0.123 1.17
0.11563 11.03 0.124 1.18
0.11601 9.42 0.124 1.19
0.11637 11.84 0.124 1.19
0.11675 7.97 0.125 1.22
0.11713 10.29 0.126 1.24
0.11751 10.31 0.126 1.25
0.11791 10.29 0.127 1.27
0.11829 9.01 0.127 1.28
0.11869 12.81 0.128 1.30
0.11909 11.55 0.128 1.31
0.11949 9.40 0.129 1.33
0.11989 10.91 0.129 1.33
0.12031 13.84 0.130 1.34
0.12073 14.03 0.130 1.35
0.12114 11.37 0.131 1.36
0.12156 14.24 0.131 1.38
0.12198 12.15 0.132 1.40
0.12241 16.81 0.132 1.40
0.12285 16.58 0.133 1.42
0.12328 23.41 0.133 1.43
0.12374 13.03 0.134 1.46
0.12419 17.23 0.134 1.48
0.12465 16.20 0.135 1.51
0.12512 15.13 0.136 1.54
0.12561 16.80 0.136 1.57
0.12608 16.99 0.137 1.59
0.12873 6.39 0.138 1.66
0.12917 9.90 0.139 1.71
0.12969 6.44 0.140 1.75
0.13022 8.20 0.141 1.78
0.13076 6.51 0.142 1.80
0.13129 5.64 0.143 1.82
0.13181 6.26 0.144 1.82
0.13234 5.92 0.145 1.82
0.13287 8.64 0.145 1.80
0.13338 6.07 0.146 1.80
0.13390 6.76 0.147 1.79
0.13441 6.39 0.147 1.78
0.13494 6.07 0.148 1.76
0.13544 7.89 0.148 1.73
0.13595 6.00 0.149 1.72
0.13646 5.77 0.149 1.70
0.13697 6.81 0.149 1.68
0.13748 7.74 0.150 1.66
0.13799 5.77 0.150 1.65
0.13849 5.97 0.150 1.64
0.13900 7.24 0.151 1.62
0.13951 5.13 0.151 1.62
0.14000 7.15 0.152 1.60
0.14051 6.13 0.152 1.59
0.14100 7.68 0.152 1.58
0.14149 6.03 0.153 1.57
0.14198 5.80 0.153 1.57
0.14247 6.28 0.154 1.56
0.14294 5.02 0.154 1.56
0.14343 6.77 0.155 1.55
0.14392 8.00 0.155 1.53
0.14439 6.77 0.155 1.52
0.14488 6.72 0.156 1.52
0.14535 6.49 0.156 1.51
0.14583 6.01 0.157 1.51
0.14632 9.34 0.157 1.50
0.14679 8.00 0.157 1.49
0.14726 6.25 0.158 1.49
0.14773 8.30 0.158 1.48
0.14820 7.95 0.159 1.47
0.14868 11.05 0.159 1.46
0.14915 9.21 0.159 1.46
0.14962 8.74 0.160 1.46
0.15009 9.23 0.160 1.47
0.15056 7.38 0.161 1.48
0.15103 9.64 0.161 1.48
0.15151 9.77 0.162 1.48
0.15198 10.88 0.162 1.49
0.15245 8.94 0.163 1.50
0.15292 8.52 0.164 1.51
0.15339 10.49 0.164 1.51
0.15387 11.37 0.165 1.51
0.15434 13.58 0.165 1.51
0.15483 13.16 0.165 1.52
0.15530 14.10 0.166 1.52
0.15579 13.13 0.166 1.53
0.15628 12.09 0.167 1.54
0.15677 10.30 0.167 1.54
0.15728 10.08 0.168 1.57
0.15779 10.01 0.169 1.58
0.15829 10.68 0.169 1.60
0.15878 13.23 0.170 1.61
0.15929 15.28 0.170 1.62
0.15982 13.75 0.171 1.63
0.16033 13.54 0.172 1.65
0.16083 12.53 0.172 1.66
0.16136 12.16 0.173 1.68
0.16189 12.89 0.174 1.69
0.16241 16.55 0.174 1.70
0.16294 14.02 0.175 1.70
0.16348 11.19 0.175 1.73
0.16401 15.95 0.176 1.74
0.16457 13.02 0.177 1.76
0.16512 12.01 0.178 1.78
0.16568 16.04 0.178 1.79
0.16623 9.54 0.179 1.81
0.16679 13.62 0.180 1.83
0.16735 13.50 0.180 1.84
0.17029 6.64 0.181 1.88
0.17076 6.64 0.183 1.91
0.17134 4.78 0.184 1.94
0.17192 3.80 0.185 1.96
0.17249 5.01 0.186 1.96
0.17305 5.43 0.186 1.96
0.17361 4.50 0.187 1.95
0.17417 5.22 0.188 1.94
0.17474 5.57 0.188 1.91
0.17530 4.58 0.189 1.89
0.17584 6.90 0.189 1.86
0.17641 4.91 0.190 1.84
0.17695 6.93 0.190 1.81
0.17750 4.77 0.191 1.79
0.17804 7.66 0.191 1.76
0.17857 5.63 0.191 1.74
0.17909 7.22 0.192 1.72
0.17964 6.68 0.192 1.69
0.18016 5.91 0.192 1.68
0.18067 6.00 0.193 1.66
0.18120 4.93 0.193 1.66
0.18172 5.64 0.194 1.65
0.18223 5.81 0.194 1.64
0.18276 7.27 0.195 1.63
0.18327 6.98 0.195 1.62
0.18379 7.06 0.196 1.60
0.18430 7.53 0.196 1.58
0.18481 9.13 0.196 1.57
0.18532 10.62 0.196 1.55
0.18583 7.35 0.197 1.56
0.18632 11.38 0.197 1.55
0.18682 9.10 0.198 1.55
0.18733 7.62 0.198 1.55
0.18784 9.58 0.199 1.55
0.18835 8.44 0.199 1.55
0.18886 9.70 0.200 1.55
0.18935 8.01 0.200 1.56
0.18985 14.20 0.201 1.55
0.19034 12.37 0.201 1.56
0.19085 8.12 0.202 1.57
0.19136 10.48 0.202 1.58
0.19187 9.53 0.203 1.60
0.19240 9.48 0.204 1.60
0.19290 10.99 0.204 1.61
0.19341 10.64 0.205 1.61
0.19392 12.02 0.205 1.62
0.19445 11.33 0.206 1.62
0.19497 12.49 0.206 1.62
0.19550 12.40 0.207 1.63
0.19601 11.43 0.208 1.64
0.19653 16.84 0.208 1.64
0.19708 11.62 0.209 1.66
0.19760 14.89 0.209 1.66
0.19813 14.32 0.210 1.68
0.19868 13.70 0.211 1.70
0.19922 12.58 0.211 1.72
0.19976 18.55 0.212 1.73
0.20031 19.81 0.213 1.74
0.20087 13.00 0.213 1.77
0.20143 21.08 0.214 1.77
0.20201 24.00 0.214 1.78
0.20260 14.05 0.215 1.82
0.20318 20.83 0.216 1.85
0.20377 14.26 0.217 1.88
0.20437 19.50 0.218 1.91
0.20497 17.23 0.218 1.93
0.20557 15.93 0.219 1.96
0.20619 15.64 0.220 1.99
0.20681 16.59 0.221 2.01
0.20742 17.99 0.222 2.04
0.20806 16.32 0.222 2.06
0.20868 12.80 0.223 2.09
0.20931 17.07 0.224 2.10
0.21267 5.73 0.225 2.17
0.21323 5.88 0.227 2.22
0.21388 5.84 0.228 2.25
0.21456 5.53 0.229 2.27
0.21521 5.59 0.231 2.27
0.21586 5.30 0.231 2.27
0.21652 6.16 0.232 2.25
0.21717 7.00 0.233 2.23
0.21780 4.78 0.233 2.20
0.21844 5.65 0.234 2.17
0.21907 6.10 0.235 2.14
0.21971 5.59 0.235 2.11
0.22034 4.49 0.236 2.09
0.22098 6.48 0.236 2.06
0.22160 5.23 0.236 2.03
0.22221 3.82 0.237 2.01
0.22283 4.35 0.237 1.99
0.22343 5.26 0.238 1.96
0.22403 4.88 0.238 1.93
0.22463 4.56 0.239 1.91
0.22523 6.60 0.239 1.88
0.22581 4.85 0.240 1.86
0.22639 5.25 0.240 1.84
0.22697 4.69 0.240 1.81
0.22755 4.68 0.241 1.79
0.22811 3.90 0.241 1.78
0.22868 3.53 0.242 1.76
0.22924 5.13 0.242 1.74
0.22980 4.25 0.243 1.73
0.23036 7.05 0.243 1.70
0.23091 5.35 0.243 1.68
0.23145 6.79 0.244 1.66
0.23200 6.86 0.244 1.64
0.23254 7.11 0.244 1.63
0.23309 5.27 0.245 1.63
0.23363 6.58 0.245 1.61
0.23416 6.81 0.246 1.60
0.23468 10.53 0.246 1.58
0.23521 6.22 0.247 1.59
0.23574 8.58 0.247 1.57
0.23626 8.11 0.247 1.56
0.23679 7.84 0.248 1.57
0.23731 7.28 0.248 1.57
0.23784 8.25 0.249 1.57
0.23837 9.41 0.249 1.56
0.23887 9.81 0.250 1.55
0.23940 7.24 0.250 1.57
0.23993 7.66 0.251 1.56
0.24045 7.93 0.251 1.57
0.24098 11.80 0.252 1.56
0.24151 9.11 0.252 1.56
0.24203 10.03 0.253 1.57
0.24256 13.83 0.254 1.57
0.24309 15.74 0.254 1.57
0.24359 10.71 0.255 1.58
0.24412 13.57 0.255 1.58
0.24465 10.67 0.256 1.60
0.24519 13.88 0.256 1.61
0.24572 12.35 0.257 1.62
0.24624 10.89 0.258 1.63
0.24679 12.43 0.258 1.65
0.24733 11.70 0.259 1.66
0.24788 10.90 0.260 1.67
0.24842 10.38 0.260 1.69
0.24897 13.51 0.261 1.69
0.24951 13.69 0.261 1.70
0.25007 15.20 0.262 1.71
0.25062 16.44 0.263 1.72
0.25118 14.92 0.263 1.73
0.25176 15.42 0.264 1.75
0.25232 12.13 0.265 1.77
0.25290 17.91 0.265 1.78
0.25347 14.55 0.266 1.79
0.25405 16.60 0.267 1.81
0.25463 13.34 0.267 1.84
0.25523 11.67 0.268 1.85
0.25583 16.73 0.269 1.86
0.25642 14.29 0.269 1.87
0.25956 5.12 0.271 1.94
0.26009 5.32 0.272 1.99
0.26071 6.02 0.273 2.01
0.26132 7.31 0.274 2.02
0.26194 6.57 0.275 2.03
0.26256 6.68 0.276 2.03
0.26316 4.69 0.277 2.03
0.26376 4.00 0.278 2.03
0.26436 5.54 0.279 2.00
0.26494 7.63 0.279 1.97
0.26554 4.96 0.280 1.96
0.26612 5.60 0.280 1.93
0.26670 8.80 0.281 1.90
0.26728 6.79 0.281 1.87
0.26786 5.58 0.282 1.86
0.26844 6.06 0.282 1.83
0.26902 5.09 0.282 1.81
0.26958 6.09 0.283 1.79
0.27016 8.01 0.283 1.77
0.27073 6.68 0.283 1.75
0.27129 7.17 0.284 1.73
0.27185 6.35 0.284 1.72
0.27240 5.77 0.285 1.71
0.27296 7.21 0.285 1.70
0.27350 6.10 0.286 1.69
0.27405 9.94 0.286 1.67
0.27459 8.85 0.286 1.66
0.27514 8.38 0.287 1.65
0.27568 6.10 0.288 1.65
0.27623 9.60 0.288 1.64
0.27677 9.21 0.288 1.64
0.27731 9.22 0.289 1.64
0.27786 6.96 0.289 1.63
0.27840 8.33 0.290 1.64
0.27893 8.87 0.290 1.63
0.27947 7.88 0.291 1.64
0.28002 11.47 0.292 1.63
0.28054 8.35 0.292 1.63
0.28109 11.30 0.293 1.62
0.28162 10.48 0.293 1.62
0.28216 12.19 0.293 1.62
0.28269 10.47 0.294 1.63
0.28323 12.69 0.295 1.63
0.28377 14.14 0.295 1.63
0.28432 12.92 0.296 1.64
0.28485 15.21 0.296 1.64
0.28539 9.69 0.297 1.66
0.28593 12.42 0.297 1.67
0.28650 12.54 0.298 1.69
0.28704 9.04 0.299 1.71
0.28760 19.05 0.299 1.71
0.28817 14.48 0.300 1.73
0.28875 12.60 0.301 1.74
0.28931 14.46 0.301 1.76
0.28989 13.61 0.302 1.78
0.29047 12.51 0.303 1.79
0.29103 12.38 0.304 1.81
0.29162 10.45 0.304 1.82
0.29220 11.44 0.305 1.83
0.29279 12.95 0.305 1.83
0.29338 17.64 0.306 1.84
0.29397 17.44 0.307 1.85
0.29457 13.77 0.307 1.86
0.29517 14.29 0.308 1.88
0.29577 11.75 0.309 1.90
0.29639 11.20 0.310 1.92
0.29699 15.61 0.310 1.93
0.29760 13.75 0.311 1.94
0.29822 12.86 0.312 1.95
0.29884 13.04 0.313 1.97
0.29946 17.48 0.313 1.97
0.30007 14.39 0.314 1.97
0.30330 5.34 0.315 2.03
0.30385 5.14 0.316 2.07
0.30448 4.66 0.318 2.11
0.30512 5.79 0.319 2.11
0.30575 4.73 0.320 2.12
0.30637 4.52 0.321 2.12
0.30701 3.69 0.322 2.11
0.30762 4.45 0.322 2.09
0.30824 6.11 0.323 2.06
0.30886 3.34 0.323 2.04
0.30946 5.86 0.324 2.01
0.31005 3.55 0.325 1.99
0.31065 6.41 0.325 1.95
0.31125 3.55 0.325 1.93
0.31183 5.10 0.326 1.89
0.31241 6.09 0.326 1.86
0.31299 5.55 0.326 1.83
0.31358 5.51 0.327 1.80
0.31416 3.66 0.327 1.79
0.31472 4.82 0.328 1.76
0.31530 3.98 0.328 1.74
0.31584 4.27 0.329 1.73
0.31641 4.80 0.329 1.70
0.31695 4.79 0.329 1.69
0.31750 5.10 0.330 1.67
0.31804 4.54 0.330 1.65
0.31858 5.02 0.331 1.63
0.31911 5.62 0.331 1.62
0.31964 6.96 0.331 1.59
0.32016 6.93 0.332 1.58
0.32067 5.82 0.332 1.57
0.32120 7.64 0.332 1.55
0.32172 7.92 0.333 1.53
0.32223 6.79 0.333 1.53
0.32274 7.26 0.334 1.52
0.32325 7.27 0.334 1.52
0.32377 7.60 0.335 1.52
0.32428 7.26 0.335 1.51
0.32479 10.91 0.335 1.50
0.32530 7.78 0.336 1.50
0.32581 7.86 0.336 1.51
0.32632 7.12 0.337 1.52
0.32682 12.05 0.337 1.51
0.32733 11.06 0.338 1.50
0.32784 10.12 0.339 1.52
0.32835 9.43 0.339 1.52
0.32886 11.57 0.340 1.52
0.32936 9.20 0.340 1.53
0.32987 11.43 0.341 1.54
0.33038 11.58 0.341 1.53
0.33091 11.06 0.342 1.55
0.33142 15.21 0.342 1.54
0.33194 10.86 0.343 1.56
0.33247 12.84 0.343 1.58
0.33299 12.59 0.344 1.59
0.33352 13.21 0.345 1.60
0.33405 15.51 0.345 1.60
0.33457 13.01 0.346 1.61
0.33512 13.74 0.346 1.62
0.33566 16.91 0.347 1.64
0.33621 19.22 0.347 1.65
0.33675 18.90 0.348 1.67
0.33731 14.28 0.349 1.71
0.33788 22.16 0.350 1.72
0.33844 14.53 0.350 1.74
0.33902 16.41 0.351 1.77
0.33960 17.15 0.352 1.79
0.34018 14.96 0.352 1.82
0.34078 19.95 0.353 1.85
0.34138 14.84 0.354 1.87
0.34198 15.91 0.355 1.91
0.34260 21.18 0.355 1.92
0.34321 17.81 0.356 1.96
0.34383 20.69 0.357 1.99
0.34446 16.26 0.358 2.02
0.34779 6.45 0.360 2.09
0.34835 5.54 0.361 2.14
0.34900 4.46 0.363 2.19
0.34966 6.10 0.364 2.21
0.35031 5.53 0.365 2.21
0.35096 5.51 0.366 2.21
0.35162 5.87 0.367 2.20
0.35225 4.32 0.368 2.20
0.35290 4.97 0.368 2.18
0.35352 5.82 0.369 2.14
0.35416 6.26 0.369 2.11
0.35477 4.67 0.370 2.08
0.35541 4.17 0.370 2.06
0.35603 3.90 0.371 2.03
0.35662 4.55 0.372 2.01
0.35722 5.26 0.372 1.97
0.35782 5.07 0.372 1.93
0.35842 6.18 0.372 1.89
0.35900 4.51 0.373 1.87
0.35960 4.38 0.373 1.85
0.36018 5.45 0.374 1.83
0.36076 4.52 0.374 1.81
0.36132 5.81 0.374 1.78
0.36191 6.84 0.375 1.75
0.36247 6.05 0.375 1.73
0.36305 5.52 0.375 1.72
0.36361 7.44 0.376 1.69
0.36416 6.22 0.376 1.68
0.36472 5.79 0.377 1.67
0.36526 4.86 0.377 1.67
0.36581 5.67 0.378 1.66
0.36635 7.36 0.378 1.64
0.36690 5.35 0.379 1.64
0.36742 5.25 0.379 1.63
0.36797 6.42 0.380 1.62
0.36849 7.10 0.380 1.61
0.36904 6.01 0.381 1.61
0.36956 7.74 0.381 1.60
0.37009 6.92 0.382 1.59
0.37062 6.05 0.382 1.59
0.37114 7.18 0.383 1.58
0.37167 6.45 0.383 1.58
0.37218 8.48 0.384 1.57
0.37270 11.44 0.384 1.55
0.37321 9.70 0.384 1.54
0.37372 9.39 0.385 1.54
0.37425 10.47 0.385 1.53
0.37475 8.58 0.386 1.53
0.37526 9.04 0.386 1.54
0.37579 10.00 0.387 1.54
0.37630 12.29 0.387 1.54
0.37681 14.73 0.388 1.53
0.37733 12.71 0.388 1.53
0.37784 10.77 0.389 1.54
0.37837 10.82 0.389 1.56
0.37889 10.60 0.390 1.58
0.37942 12.55 0.390 1.59
0.37996 14.29 0.391 1.59
0.38049 19.95 0.391 1.60
0.38103 11.71 0.392 1.62
0.38158 12.03 0.393 1.64
0.38212 11.73 0.394 1.67
0.38267 20.19 0.394 1.67
0.38323 14.43 0.395 1.68
0.38377 14.62 0.395 1.71
0.38434 12.61 0.396 1.73
0.38490 14.85 0.397 1.75
0.38548 20.00 0.398 1.77
0.38606 15.03 0.398 1.78
0.38664 12.54 0.399 1.80
0.38722 14.70 0.400 1.81
0.38782 23.89 0.400 1.83
0.38842 13.76 0.401 1.86
0.38902 14.38 0.402 1.89
0.38964 14.89 0.403 1.91
0.39024 15.51 0.404 1.94
0.39085 15.04 0.404 1.96
0.39147 13.45 0.405 1.98
0.39470 5.93 0.407 2.05
0.39523 6.27 0.408 2.09
0.39584 4.74 0.409 2.12
0.39648 6.92 0.410 2.13
0.39710 6.56 0.411 2.12
0.39771 4.88 0.412 2.13
0.39833 4.39 0.413 2.13
0.39895 5.98 0.414 2.11
0.39956 5.94 0.414 2.09
0.40018 4.43 0.415 2.07
0.40078 5.68 0.416 2.04
0.40138 6.90 0.416 2.00
0.40198 6.44 0.416 1.96
0.40256 4.56 0.417 1.94
0.40314 6.48 0.417 1.91
0.40374 4.91 0.418 1.89
0.40432 4.75 0.418 1.86
0.40488 4.51 0.419 1.85
0.40546 4.74 0.419 1.83
0.40603 4.91 0.420 1.81
0.40661 5.10 0.420 1.79
0.40717 6.30 0.420 1.76
0.40773 7.65 0.421 1.73
0.40828 6.32 0.421 1.72
0.40884 7.66 0.421 1.69
0.40938 6.31 0.422 1.68
0.40993 8.52 0.422 1.66
0.41047 7.66 0.422 1.65
0.41102 7.66 0.423 1.64
0.41154 6.80 0.423 1.64
0.41209 7.11 0.424 1.63
0.41261 8.41 0.424 1.63
0.41314 6.69 0.425 1.63
0.41367 8.33 0.425 1.62
0.41419 9.84 0.426 1.61
0.41472 8.57 0.426 1.61
0.41524 9.42 0.427 1.60
0.41577 11.11 0.427 1.60
0.41630 8.18 0.428 1.61
0.41684 12.11 0.428 1.60
0.41737 7.65 0.429 1.61
0.41789 9.73 0.429 1.61
0.41842 9.04 0.430 1.61
0.41895 14.44 0.430 1.61
0.41949 10.16 0.431 1.61
0.42002 12.93 0.431 1.61
0.42054 14.03 0.432 1.62
0.42109 10.52 0.432 1.64
0.42162 9.63 0.433 1.66
0.42216 11.82 0.434 1.66
0.42270 10.93 0.434 1.67
0.42323 13.63 0.435 1.68
0.42377 8.58 0.436 1.69
0.42434 13.00 0.436 1.69
0.42488 15.16 0.437 1.70
0.42543 14.87 0.437 1.70
0.42599 13.95 0.438 1.72
0.42655 17.77 0.438 1.73
0.42711 15.40 0.439 1.75
0.42768 16.23 0.440 1.76
0.42824 17.89 0.440 1.78
0.42882 18.98 0.441 1.79
0.42940 10.81 0.442 1.82
0.43000 15.89 0.443 1.84
0.43058 13.05 0.443 1.85
0.43118 16.98 0.444 1.88
0.43178 12.47 0.445 1.91
0.43238 14.35 0.446 1.93
0.43298 19.80 0.446 1.94
0.43359 12.38 0.447 1.96
0.43421 11.96 0.448 1.98
0.43481 14.45 0.449 2.00
0.43544 11.98 0.450 2.01
0.43606 13.27 0.450 2.01
0.43670 13.79 0.451 2.03
0.43996 5.22 0.452 2.07
0.44049 5.15 0.454 2.11
0.44111 4.52 0.455 2.14
0.44174 4.75 0.456 2.15
0.44238 3.77 0.457 2.16
0.44299 5.33 0.458 2.15
0.44363 4.35 0.459 2.14
0.44425 5.04 0.459 2.11
0.44486 5.98 0.460 2.08
0.44546 4.22 0.460 2.06
0.44608 3.88 0.461 2.04
0.44668 5.35 0.461 2.00
0.44726 7.34 0.462 1.96
0.44786 5.99 0.462 1.92
0.44844 3.76 0.462 1.90
0.44902 5.14 0.463 1.87
0.44960 6.39 0.463 1.84
0.45016 5.14 0.463 1.82
0.45073 4.67 0.464 1.79
0.45129 5.72 0.464 1.78
0.45185 4.86 0.465 1.76
0.45241 4.32 0.465 1.75
0.45296 6.47 0.466 1.73
0.45352 7.74 0.466 1.70
0.45407 4.13 0.466 1.69
0.45461 5.68 0.467 1.68
0.45515 5.89 0.467 1.66
0.45570 6.52 0.468 1.65
0.45623 5.35 0.468 1.64
0.45677 5.97 0.469 1.63
0.45730 6.64 0.469 1.62
0.45782 7.13 0.470 1.60
0.45833 6.62 0.470 1.59
0.45886 5.82 0.470 1.59
0.45936 7.26 0.471 1.58
0.45989 8.33 0.471 1.56
0.46040 9.89 0.471 1.55
0.46091 7.47 0.472 1.55
0.46142 10.63 0.472 1.54
0.46194 8.38 0.473 1.54
0.46245 8.19 0.474 1.55
0.46296 9.46 0.474 1.54
0.46348 9.36 0.475 1.55
0.46399 11.14 0.475 1.54
0.46450 11.47 0.475 1.54
0.46501 12.38 0.476 1.55
0.46552 9.62 0.477 1.56
0.46604 11.43 0.477 1.57
0.46655 15.17 0.478 1.57
0.46708 12.97 0.478 1.57
0.46759 13.51 0.479 1.59
0.46811 14.34 0.479 1.60
0.46864 10.71 0.480 1.62
0.46917 12.92 0.481 1.63
0.46971 14.18 0.481 1.63
0.47024 16.92 0.482 1.64
0.47078 15.86 0.482 1.66
0.47132 14.24 0.483 1.68
0.47187 12.31 0.483 1.69
0.47243 15.02 0.484 1.71
0.47299 18.40 0.485 1.74
0.47356 17.59 0.485 1.75
0.47412 16.89 0.486 1.76
0.47470 17.62 0.487 1.79
0.47528 15.77 0.488 1.82
0.47588 16.94 0.488 1.84
0.47648 12.69 0.489 1.87
0.47708 15.53 0.490 1.90
0.47768 15.01 0.491 1.92
0.47828 14.20 0.492 1.95
0.47889 15.43 0.492 1.96
0.47953 15.59 0.493 1.98
0.48015 15.02 0.494 2.00
0.48078 14.23 0.495 2.02
0.48403 6.97 0.496 2.07
0.48459 7.01 0.497 2.11
0.48523 5.20 0.499 2.14
0.48586 5.45 0.500 2.16
0.48650 5.06 0.501 2.17
0.48711 7.87 0.502 2.16
0.48775 5.21 0.503 2.15
0.48837 6.00 0.503 2.13
0.48898 4.48 0.504 2.12
0.48960 6.27 0.504 2.08
0.49020 6.59 0.505 2.05
0.49082 6.36 0.505 2.02
0.49142 4.51 0.506 2.00
0.49201 5.38 0.506 1.97
0.49261 5.57 0.507 1.95
0.49321 6.38 0.507 1.92
0.49381 5.53 0.508 1.89
0.49439 5.98 0.508 1.87
0.49497 4.96 0.508 1.85
0.49555 6.74 0.509 1.83
0.49612 5.68 0.509 1.81
0.49668 5.78 0.510 1.79
0.49726 6.76 0.510 1.77
0.49782 5.41 0.511 1.76
0.49838 5.90 0.511 1.74
0.49893 6.01 0.511 1.73
0.49949 6.56 0.512 1.72
0.50005 5.56 0.513 1.72
0.50060 6.75 0.513 1.70
0.50114 7.56 0.513 1.68
0.50169 7.18 0.514 1.68
0.50223 5.96 0.514 1.67
0.50276 7.35 0.515 1.65
0.50330 8.16 0.515 1.64
0.50383 6.88 0.516 1.64
0.50437 6.72 0.516 1.63
0.50490 8.14 0.517 1.62
0.50541 8.91 0.517 1.61
0.50592 8.71 0.517 1.60
0.50644 7.57 0.518 1.59
0.50697 7.71 0.518 1.59
0.50748 8.85 0.519 1.58
0.50800 8.11 0.519 1.59
0.50851 12.74 0.520 1.58
0.50904 10.74 0.520 1.57
0.50956 11.83 0.521 1.58
0.51007 12.18 0.521 1.58
0.51060 12.81 0.522 1.58
0.51114 13.65 0.522 1.59
0.51165 12.97 0.523 1.59
0.51218 12.26 0.523 1.61
0.51272 10.43 0.524 1.63
0.51325 9.92 0.525 1.65
0.51379 10.02 0.525 1.67
0.51432 13.46 0.526 1.67
0.51486 18.87 0.526 1.67
0.51541 16.84 0.527 1.68
0.51595 14.39 0.528 1.70
0.51652 12.82 0.528 1.72
0.51706 10.95 0.529 1.74
0.51764 14.17 0.530 1.76
0.51820 15.87 0.531 1.77
0.51877 13.13 0.531 1.79
0.51935 20.03 0.532 1.80
0.51993 18.71 0.532 1.81
0.52051 17.23 0.533 1.82
0.52109 16.72 0.534 1.84
0.52169 15.07 0.534 1.87
0.52229 16.02 0.535 1.88
0.52289 17.37 0.536 1.90
0.52350 12.02 0.537 1.93
0.52412 18.75 0.538 1.96
0.52474 16.93 0.538 1.98
0.52535 14.54 0.539 1.99
0.52597 20.45 0.540 2.01
0.52661 13.00 0.540 2.03
0.52995 3.93 0.542 2.11
0.53047 5.70 0.544 2.16
0.53113 5.21 0.545 2.19
0.53176 4.71 0.546 2.21
0.53241 5.52 0.547 2.21
0.53303 6.29 0.548 2.20
0.53367 4.28 0.549 2.19
0.53428 4.92 0.549 2.17
0.53492 4.80 0.550 2.15
0.53554 4.51 0.551 2.13
0.53615 4.78 0.551 2.10
0.53675 4.18 0.552 2.07
0.53737 5.14 0.552 2.03
0.53797 5.61 0.553 1.99
0.53857 3.59 0.553 1.97
0.53917 5.67 0.553 1.93
0.53975 5.86 0.554 1.90
0.54033 3.97 0.554 1.88
0.54091 3.27 0.555 1.86
0.54147 5.04 0.555 1.83
0.54203 4.91 0.555 1.81
0.54260 5.88 0.556 1.78
0.54316 4.08 0.556 1.76
0.54370 4.59 0.557 1.74
0.54425 5.52 0.557 1.72
0.54479 6.56 0.557 1.69
0.54534 4.84 0.558 1.68
0.54588 5.35 0.558 1.67
0.54641 6.93 0.558 1.65
0.54693 6.85 0.559 1.63
0.54746 8.26 0.559 1.61
0.54799 6.50 0.560 1.61
0.54853 5.83 0.560 1.60
0.54904 7.45 0.561 1.59
0.54956 8.79 0.561 1.58
0.55009 8.69 0.561 1.57
0.55060 8.12 0.562 1.56
0.55111 6.05 0.562 1.57
0.55163 8.84 0.563 1.56
0.55214 9.19 0.563 1.56
0.55265 8.98 0.564 1.55
0.55316 9.90 0.564 1.55
0.55367 8.98 0.565 1.55
0.55416 9.30 0.565 1.55
0.55468 9.70 0.566 1.55
0.55519 11.27 0.566 1.56
0.55572 10.74 0.567 1.57
0.55623 12.16 0.567 1.58
0.55673 10.63 0.568 1.58
0.55726 17.23 0.568 1.58
0.55777 13.12 0.569 1.58
0.55829 12.72 0.569 1.58
0.55882 15.21 0.570 1.60
0.55935 13.68 0.570 1.62
0.55987 11.11 0.571 1.64
0.56042 19.65 0.572 1.65
0.56096 10.43 0.572 1.67
0.56151 14.54 0.573 1.70
0.56203 16.30 0.574 1.71
0.56260 14.62 0.575 1.73
0.56314 14.27 0.575 1.75
0.56370 16.94 0.576 1.77
0.56426 14.68 0.577 1.79
0.56485 16.34 0.577 1.81
0.56541 14.55 0.578 1.82
0.56599 15.18 0.579 1.85
0.56659 12.06 0.580 1.87
0.56717 21.11 0.580 1.88
0.56777 11.16 0.581 1.90
0.56837 12.41 0.582 1.91
0.56897 19.19 0.582 1.92
0.56956 19.13 0.583 1.93
0.57018 13.52 0.583 1.94
0.57080 14.58 0.584 1.96
0.57142 15.06 0.585 1.98
0.57203 13.38 0.586 2.01
0.57532 5.11 0.587 2.08
0.57584 6.01 0.589 2.12
0.57648 5.89 0.590 2.15
0.57711 6.42 0.591 2.16
0.57775 4.64 0.592 2.17
0.57837 6.00 0.593 2.16
0.57900 5.07 0.594 2.15
0.57962 6.04 0.594 2.13
0.58022 6.77 0.595 2.11
0.58083 4.18 0.596 2.10
0.58143 6.23 0.596 2.06
0.58203 6.53 0.597 2.03
0.58263 5.35 0.597 2.00
0.58323 5.70 0.598 1.98
0.58381 5.14 0.598 1.95
0.58441 4.56 0.599 1.93
0.58499 6.32 0.599 1.90
0.58557 4.54 0.599 1.88
0.58615 5.77 0.600 1.86
0.58673 5.54 0.600 1.84
0.58730 4.47 0.601 1.82
0.58786 4.39 0.601 1.80
0.58842 5.52 0.602 1.78
0.58897 5.77 0.602 1.75
0.58953 5.56 0.602 1.73
0.59007 5.82 0.603 1.72
0.59062 6.77 0.603 1.69
0.59114 9.76 0.603 1.67
0.59169 6.52 0.604 1.66
0.59223 5.51 0.604 1.66
0.59278 7.08 0.605 1.64
0.59330 5.50 0.605 1.64
0.59383 8.42 0.606 1.62
0.59437 9.04 0.606 1.61
0.59490 7.75 0.607 1.61
0.59543 10.16 0.607 1.60
0.59595 8.08 0.607 1.60
0.59648 9.14 0.608 1.60
0.59701 7.74 0.609 1.60
0.59751 8.85 0.609 1.61
0.59804 11.38 0.609 1.59
0.59855 10.93 0.610 1.58
0.59907 9.30 0.610 1.59
0.59960 10.18 0.611 1.59
0.60011 12.29 0.611 1.58
0.60064 10.32 0.612 1.60
0.60114 9.47 0.612 1.61
0.60167 14.33 0.613 1.61
0.60220 12.15 0.613 1.61
0.60272 11.32 0.614 1.63
0.60325 11.42 0.615 1.63
0.60379 11.47 0.615 1.64
0.60432 11.54 0.616 1.65
0.60486 13.90 0.616 1.66
0.60541 17.65 0.617 1.67
0.60595 11.78 0.618 1.69
0.60650 16.66 0.618 1.70
0.60704 16.21 0.619 1.71
0.60759 15.48 0.619 1.73
0.60815 14.84 0.620 1.74
0.60871 15.80 0.621 1.76
0.60927 14.39 0.621 1.78
0.60985 11.97 0.622 1.80
0.61044 15.52 0.623 1.82
0.61102 13.40 0.624 1.84
0.61162 9.91 0.624 1.86
0.61220 10.49 0.625 1.88
0.61278 10.50 0.626 1.90
0.61338 14.94 0.627 1.90
0.61396 11.96 0.627 1.92
0.61456 17.51 0.628 1.92
0.61515 15.36 0.629 1.93
0.61575 15.63 0.629 1.94
0.61635 12.26 0.630 1.95
0.61947 4.10 0.631 2.00
0.62000 5.36 0.633 2.04
0.62060 3.97 0.634 2.07
0.62122 4.90 0.635 2.08
0.62181 4.56 0.636 2.08
0.62241 3.95 0.637 2.08
0.62301 5.57 0.637 2.05
0.62361 5.16 0.638 2.03
0.62419 4.01 0.638 2.01
0.62479 3.06 0.639 2.00
0.62535 4.08 0.640 1.97
0.62593 3.55 0.640 1.94
0.62650 3.73 0.641 1.91
0.62706 4.13 0.641 1.88
0.62760 3.85 0.641 1.84
0.62817 2.90 0.642 1.82
0.62871 4.41 0.642 1.78
0.62926 3.68 0.642 1.75
0.62980 3.09 0.643 1.73
0.63033 4.01 0.643 1.70
0.63087 2.80 0.644 1.68
0.63138 5.12 0.644 1.64
0.63191 4.64 0.644 1.62
0.63241 4.28 0.644 1.60
0.63292 3.87 0.645 1.58
0.63343 3.99 0.645 1.56
0.63392 5.83 0.645 1.54
0.63441 4.53 0.646 1.52
0.63492 5.23 0.646 1.50
0.63539 5.56 0.646 1.49
0.63588 5.92 0.646 1.47
0.63635 5.20 0.647 1.46
0.63682 6.39 0.647 1.45
0.63730 3.89 0.648 1.45
0.63777 5.11 0.648 1.44
0.63824 5.79 0.649 1.44
0.63869 5.78 0.649 1.43
0.63917 6.74 0.649 1.41
0.63962 5.91 0.650 1.41
0.64007 8.03 0.650 1.40
0.64053 6.79 0.651 1.40
0.64098 7.70 0.651 1.39
0.64145 8.54 0.651 1.38
0.64191 7.60 0.652 1.38
0.64236 7.61 0.652 1.38
0.64281 7.17 0.653 1.38
0.64325 8.87 0.653 1.37
0.64370 8.83 0.653 1.37
0.64416 9.64 0.654 1.36
0.64459 11.08 0.654 1.36
0.64505 13.27 0.654 1.36
0.64550 10.96 0.655 1.37
0.64595 9.74 0.656 1.39
0.64641 8.43 0.656 1.41
0.64686 9.35 0.657 1.42
0.64733 9.99 0.657 1.43
0.64779 12.89 0.658 1.43
0.64826 11.30 0.658 1.44
0.64873 9.33 0.659 1.45
0.64920 10.67 0.659 1.46
0.64966 18.16 0.660 1.46
0.65013 10.67 0.660 1.47
0.65060 14.47 0.661 1.48
0.65109 11.27 0.661 1.50
0.65156 9.88 0.662 1.52
0.65205 10.58 0.663 1.54
0.65254 10.67 0.663 1.55
0.65303 10.66 0.664 1.57
0.65352 9.67 0.665 1.58
0.65401 13.38 0.665 1.59
0.65450 12.13 0.666 1.59
0.65499 9.08 0.666 1.60
0.65548 17.54 0.667 1.61
0.65599 14.25 0.667 1.62
0.65648 12.53 0.668 1.63
0.65699 10.75 0.668 1.64
0.65750 13.24 0.669 1.65
0.65802 17.73 0.669 1.65
0.65853 10.53 0.670 1.68
0.65906 12.26 0.671 1.68
0.65958 10.96 0.671 1.70
0.66013 9.92 0.672 1.72
0.66065 10.72 0.673 1.74
0.66120 11.21 0.673 1.74
0.66396 4.28 0.675 1.79
0.66439 3.97 0.676 1.83
0.66494 4.52 0.677 1.85
0.66546 5.44 0.678 1.86
0.66601 3.41 0.679 1.86
0.66653 3.45 0.679 1.86
0.66706 5.00 0.680 1.84
0.66759 3.67 0.680 1.81
0.66809 5.44 0.681 1.79
0.66860 4.60 0.681 1.76
0.66911 3.99 0.682 1.74
0.66962 3.69 0.682 1.71
0.67011 2.93 0.683 1.69
0.67062 4.23 0.683 1.66
0.67111 3.28 0.683 1.64
0.67160 3.46 0.684 1.62
0.67207 3.64 0.684 1.60
0.67254 2.82 0.684 1.58
0.67301 3.15 0.685 1.56
0.67348 3.60 0.685 1.53
0.67394 3.34 0.685 1.50
0.67439 2.86 0.686 1.48
0.67485 4.31 0.686 1.46
0.67528 4.82 0.686 1.43
0.67574 5.24 0.686 1.40
0.67617 4.03 0.686 1.39
0.67661 4.43 0.687 1.38
0.67704 4.87 0.687 1.36
0.67746 4.93 0.687 1.35
0.67789 3.98 0.688 1.35
0.67831 5.35 0.688 1.33
0.67875 4.14 0.688 1.33
0.67917 4.53 0.689 1.32
0.67958 5.70 0.689 1.30
0.67998 3.79 0.689 1.30
0.68040 6.27 0.690 1.28
0.68080 5.37 0.690 1.27
0.68120 5.78 0.690 1.26
0.68160 5.97 0.691 1.25
0.68200 5.87 0.691 1.24
0.68238 5.27 0.691 1.25
0.68278 6.89 0.692 1.24
0.68316 6.38 0.692 1.23
0.68356 7.84 0.692 1.23
0.68394 5.48 0.693 1.23
0.68434 6.28 0.693 1.23
0.68472 6.55 0.693 1.23
0.68510 8.10 0.694 1.23
0.68550 8.99 0.694 1.22
0.68588 7.77 0.694 1.22
0.68626 7.22 0.695 1.22
0.68666 6.92 0.695 1.23
0.68704 8.40 0.696 1.23
0.68742 8.45 0.696 1.23
0.68780 7.24 0.696 1.24
0.68819 7.93 0.697 1.25
0.68857 9.48 0.697 1.25
0.68897 9.35 0.698 1.24
0.68935 6.60 0.698 1.26
0.68973 9.95 0.699 1.26
0.69013 11.56 0.699 1.26
0.69051 8.33 0.699 1.28
0.69091 9.37 0.700 1.28
0.69129 11.20 0.700 1.28
0.69169 8.57 0.701 1.30
0.69209 9.37 0.701 1.31
0.69249 13.70 0.702 1.31
0.69289 7.51 0.702 1.32
0.69328 9.83 0.703 1.33
0.69368 8.55 0.703 1.33
0.69408 7.60 0.704 1.35
0.69450 9.51 0.704 1.35
0.69490 12.58 0.704 1.36
0.69532 10.57 0.705 1.37
0.69574 9.20 0.706 1.38
0.69615 11.74 0.706 1.39
0.69657 9.27 0.707 1.40
0.69699 9.41 0.707 1.40
0.69742 9.09 0.708 1.42
0.69784 9.08 0.708 1.42
0.69828 9.60 0.708 1.43
0.69869 7.84 0.709 1.44
0.69913 13.56 0.709 1.43
0.69955 9.52 0.710 1.44
0.69998 14.14 0.710 1.44
0.70042 9.36 0.711 1.45
0.70085 12.41 0.711 1.45
0.70129 8.65 0.712 1.47
0.70172 10.42 0.712 1.48
0.70216 9.93 0.713 1.49
0.70261 8.54 0.713 1.50
0.70307 8.95 0.714 1.52
0.70350 11.70 0.714 1.52
0.70396 10.92 0.715 1.52
0.70441 9.72 0.715 1.52
0.70486 8.83 0.716 1.54
0.70532 8.89 0.716 1.53
0.70577 8.43 0.717 1.54
0.70811 4.68 0.718 1.57
0.70851 4.21 0.718 1.60
0.70897 3.74 0.719 1.62
0.70940 3.55 0.720 1.63
0.70985 4.04 0.721 1.62
0.71029 2.82 0.721 1.62
0.71073 3.12 0.722 1.61
0.71116 2.88 0.722 1.60
0.71160 3.47 0.723 1.57
0.71203 2.08 0.723 1.56
0.71245 2.61 0.724 1.54
0.71287 3.91 0.724 1.50
0.71328 2.15 0.724 1.48
0.71368 2.41 0.725 1.46
0.71410 3.09 0.725 1.43
0.71450 2.38 0.725 1.41
0.71490 3.28 0.725 1.37
0.71528 2.46 0.725 1.35
0.71568 3.68 0.726 1.32
0.71606 1.85 0.726 1.31
0.71644 2.70 0.726 1.29
0.71682 2.35 0.726 1.27
0.71719 2.49 0.727 1.26
0.71755 3.70 0.727 1.23
0.71791 3.99 0.727 1.21
0.71828 2.13 0.727 1.20
0.71862 3.02 0.727 1.18
0.71897 3.17 0.728 1.17
0.71931 3.08 0.728 1.16
0.71966 3.42 0.728 1.15
0.72000 2.69 0.728 1.14
0.72033 2.58 0.729 1.13
0.72065 4.50 0.729 1.11
0.72098 2.48 0.729 1.10
0.72131 3.13 0.729 1.09
0.72163 2.52 0.730 1.09
0.72194 3.40 0.730 1.08
0.72227 4.65 0.730 1.06
0.72258 5.38 0.730 1.04
0.72289 3.43 0.731 1.04
0.72319 4.67 0.731 1.03
0.72350 4.53 0.731 1.01
0.72381 3.98 0.731 1.01
0.72410 3.95 0.732 1.01
0.72439 5.48 0.732 1.00
0.72468 5.81 0.732 0.99
0.72499 5.56 0.732 0.98
0.72528 5.14 0.732 0.98
0.72557 6.32 0.733 0.98
0.72586 6.38 0.733 0.98
0.72615 5.80 0.733 0.97
0.72644 6.80 0.733 0.98
0.72673 5.45 0.734 0.99
0.72702 5.78 0.734 0.99
0.72731 4.97 0.734 0.99
0.72759 8.53 0.735 0.99
0.72788 5.62 0.735 1.00
0.72817 5.80 0.735 1.00
0.72846 7.64 0.736 1.00
0.72875 6.47 0.736 1.00
0.72902 7.72 0.736 1.01
0.72931 7.63 0.737 1.01
0.72960 8.09 0.737 1.00
0.72989 9.17 0.737 1.01
0.73018 9.20 0.737 1.01
0.73047 7.22 0.738 1.02
0.73076 8.82 0.738 1.03
0.73107 11.23 0.738 1.03
0.73136 9.67 0.738 1.03
0.73167 12.09 0.739 1.04
0.73198 8.36 0.739 1.06
0.73229 7.94 0.740 1.08
0.73260 8.20 0.740 1.09
0.73292 10.13 0.740 1.10
0.73323 10.88 0.741 1.11
0.73356 10.02 0.741 1.12
0.73388 11.27 0.741 1.13
0.73421 10.79 0.742 1.14
0.73456 9.65 0.742 1.16
0.73488 8.03 0.743 1.18
0.73523 7.83 0.743 1.20
0.73557 10.66 0.744 1.21
0.73592 10.70 0.744 1.22
0.73626 8.77 0.745 1.23
0.73662 9.75 0.745 1.25
0.73697 9.59 0.746 1.26
0.73731 9.08 0.746 1.27
0.73768 8.79 0.747 1.28
0.73804 7.34 0.747 1.30
0.73838 9.18 0.748 1.30
0.73875 8.68 0.748 1.31
0.73911 10.02 0.748 1.31
0.73947 9.35 0.749 1.32
0.73985 9.16 0.749 1.32
0.74022 6.55 0.750 1.33
0.74060 8.46 0.750 1.32
0.74096 7.53 0.750 1.33
0.74134 5.19 0.751 1.34
0.74172 8.03 0.751 1.34
0.74209 7.78 0.752 1.34
0.74247 7.54 0.752 1.33
0.74283 8.02 0.752 1.33
0.74475 2.51 0.753 1.37
0.74508 3.11 0.754 1.39
0.74544 3.16 0.755 1.40
0.74583 3.71 0.755 1.40
0.74619 2.75 0.756 1.39
0.74655 3.37 0.756 1.38
0.74693 2.74 0.756 1.37
0.74730 1.89 0.757 1.36
0.74764 2.65 0.757 1.34
0.74799 2.46 0.758 1.32
0.74833 1.56 0.758 1.31
0.74868 1.97 0.758 1.29
0.74900 1.98 0.758 1.27
0.74933 0.90 0.759 1.25
0.74966 0.95 0.759 1.23
0.74998 1.42 0.759 1.21
0.75031 1.35 0.759 1.19
0.75062 0.91 0.760 1.17
0.75093 1.60 0.760 1.14
0.75122 1.59 0.760 1.11
0.75152 0.82 0.760 1.10
0.75181 1.17 0.760 1.08
0.75211 1.50 0.760 1.05
0.75238 1.11 0.760 1.04
0.75267 2.42 0.760 1.01
0.75294 1.95 0.761 0.99
0.75321 2.03 0.761 0.96
0.75348 2.20 0.761 0.95
0.75374 2.40 0.761 0.92
0.75401 1.29 0.761 0.92
0.75426 1.77 0.761 0.91
0.75450 1.91 0.761 0.90
0.75476 2.46 0.761 0.88
0.75499 2.60 0.761 0.87
0.75523 2.01 0.762 0.86
0.75546 1.98 0.762 0.85
0.75570 3.67 0.762 0.84
0.75592 4.11 0.762 0.82
0.75615 3.21 0.762 0.81
0.75637 2.31 0.762 0.81
0.75659 3.22 0.762 0.80
0.75681 2.32 0.763 0.81
0.75702 2.54 0.763 0.81
0.75724 4.49 0.763 0.79
0.75744 2.85 0.763 0.79
0.75766 3.60 0.763 0.79
0.75786 3.81 0.764 0.78
0.75806 2.36 0.764 0.79
0.75826 3.10 0.764 0.79
0.75846 2.58 0.764 0.79
0.75866 3.67 0.765 0.78
0.75886 5.01 0.765 0.77
0.75906 3.77 0.765 0.76
0.75926 4.28 0.765 0.76
0.75944 4.26 0.765 0.76
0.75964 4.49 0.765 0.75
0.75984 5.11 0.765 0.74
0.76002 5.33 0.765 0.73
0.76022 4.74 0.766 0.74
0.76040 4.97 0.766 0.75
0.76060 7.15 0.766 0.74
0.76078 5.77 0.766 0.74
0.76098 5.30 0.766 0.75
0.76116 6.52 0.767 0.74
0.76136 5.03 0.767 0.76
0.76154 9.23 0.767 0.75
0.76174 6.10 0.767 0.76
0.76194 8.47 0.767 0.76
0.76214 6.54 0.768 0.78
0.76234 9.21 0.768 0.78
0.76254 8.85 0.768 0.78
0.76274 5.82 0.768 0.80
0.76296 6.25 0.769 0.82
0.76318 9.19 0.769 0.82
0.76338 7.65 0.769 0.83
0.76361 8.35 0.769 0.84
0.76383 8.10 0.770 0.86
0.76405 6.77 0.770 0.87
0.76428 6.32 0.771 0.89
0.76450 9.38 0.771 0.89
0.76474 8.73 0.771 0.90
0.76497 8.07 0.771 0.91
0.76521 7.14 0.772 0.93
0.76544 6.63 0.772 0.94
0.76568 8.18 0.772 0.94
0.76592 7.61 0.773 0.95
0.76617 8.72 0.773 0.95
0.76641 8.02 0.773 0.97
0.76666 9.00 0.773 0.97
0.76691 7.12 0.774 0.98
0.76717 7.82 0.774 0.99
0.76742 10.52 0.774 0.99
0.76768 6.96 0.775 1.01
0.76795 7.17 0.775 1.02
0.76822 8.29 0.775 1.03
0.76848 7.63 0.776 1.04
0.76875 7.20 0.776 1.06
0.76902 7.13 0.777 1.07
0.76929 7.29 0.777 1.07
0.76958 5.57 0.777 1.08
0.76985 6.23 0.778 1.08
0.77013 5.44 0.778 1.08
0.77040 6.16 0.778 1.08
0.77069 4.46 0.779 1.09
0.77096 4.11 0.779 1.10
0.77125 4.36 0.779 1.10
0.77152 8.28 0.779 1.09
0.77181 6.32 0.780 1.08
0.77209 4.76 0.780 1.08
0.77236 3.71 0.780 1.09
0.77265 4.65 0.781 1.09
0.77292 4.58 0.781 1.08
0.77319 4.33 0.781 1.08
0.77457 1.54 0.782 1.10
0.77479 2.08 0.782 1.10
0.77505 1.09 0.783 1.11
0.77532 2.30 0.783 1.10
0.77557 1.25 0.783 1.09
0.77581 1.11 0.784 1.08
0.77606 1.28 0.784 1.07
0.77630 2.20 0.784 1.04
0.77653 1.15 0.784 1.03
0.77677 1.95 0.784 1.00
0.77701 1.49 0.784 0.98
0.77722 1.01 0.785 0.97
0.77746 0.86 0.785 0.95
0.77768 1.18 0.785 0.93
0.77789 1.73 0.785 0.91
0.77811 0.72 0.785 0.90
0.77831 0.66 0.785 0.88
0.77851 1.97 0.785 0.86
0.77873 1.75 0.785 0.84
0.77891 0.95 0.785 0.83
0.77911 1.10 0.785 0.81
0.77931 1.10 0.785 0.80
0.77949 1.22 0.785 0.78
0.77967 0.93 0.786 0.77
0.77985 0.60 0.786 0.76
0.78002 0.68 0.786 0.76
0.78018 1.11 0.786 0.74
0.78036 1.55 0.786 0.72
0.78053 0.56 0.786 0.72
0.78067 1.26 0.786 0.71
0.78083 1.30 0.786 0.69
0.78098 1.65 0.786 0.68
0.78113 1.93 0.786 0.66
0.78129 0.86 0.786 0.66
0.78142 2.02 0.786 0.64
0.78156 1.34 0.787 0.64
0.78171 1.63 0.787 0.63
0.78183 2.08 0.787 0.62
0.78196 2.46 0.787 0.61
0.78211 2.34 0.787 0.59
0.78223 1.32 0.787 0.60
0.78234 1.98 0.787 0.59
0.78247 1.64 0.787 0.60
0.78260 2.13 0.787 0.59
0.78270 2.41 0.787 0.58
0.78283 2.66 0.787 0.57
0.78294 1.78 0.787 0.57
0.78305 2.98 0.787 0.56
0.78316 2.61 0.787 0.56
0.78327 4.20 0.787 0.54
0.78338 2.94 0.788 0.55
0.78348 2.75 0.788 0.55
0.78359 4.53 0.788 0.54
0.78368 3.12 0.788 0.54
0.78379 3.24 0.788 0.54
0.78390 3.49 0.788 0.54
0.78399 2.93 0.788 0.55
0.78410 3.21 0.788 0.55
0.78419 5.04 0.788 0.54
0.78430 3.39 0.788 0.54
0.78439 4.82 0.788 0.54
0.78450 3.75 0.789 0.54
0.78459 5.00 0.789 0.54
0.78470 5.95 0.789 0.53
0.78479 3.96 0.789 0.54
0.78490 4.46 0.789 0.55
0.78499 5.41 0.789 0.56
0.78510 6.43 0.789 0.56
0.78521 4.67 0.789 0.57
0.78530 5.71 0.789 0.57
0.78541 6.60 0.789 0.57
0.78552 4.54 0.790 0.58
0.78563 6.26 0.790 0.59
0.78574 4.50 0.790 0.60
0.78586 5.09 0.790 0.61
0.78597 5.09 0.791 0.63
0.78608 5.77 0.791 0.63
0.78621 5.00 0.791 0.64
0.78632 6.31 0.791 0.64
0.78644 5.46 0.791 0.65
0.78657 5.45 0.791 0.65
0.78668 8.79 0.791 0.64
0.78681 7.21 0.792 0.65
0.78695 7.98 0.792 0.65
0.78708 6.45 0.792 0.65
0.78721 5.03 0.792 0.67
0.78735 8.03 0.792 0.68
0.78750 5.64 0.792 0.70
0.78764 5.79 0.793 0.71
0.78779 4.39 0.793 0.73
0.78795 6.56 0.793 0.73
0.78809 6.90 0.793 0.74
0.78826 6.13 0.794 0.75
0.78840 5.95 0.794 0.75
0.78857 6.18 0.794 0.75
0.78873 6.55 0.794 0.76
0.78889 5.08 0.794 0.77
0.78906 4.86 0.795 0.79
0.78922 4.81 0.795 0.80
0.78940 5.43 0.795 0.81
0.78956 5.83 0.795 0.80
0.78973 3.75 0.796 0.81
0.78991 3.92 0.796 0.82
0.79007 3.74 0.796 0.82
0.79025 4.50 0.796 0.82
0.79042 4.44 0.797 0.82
0.79060 5.19 0.797 0.81
0.79076 5.66 0.797 0.80
0.79094 4.07 0.797 0.81
0.79111 3.62 0.797 0.80
0.79127 3.93 0.797 0.80
0.79145 2.83 0.797 0.81
0.79162 2.86 0.798 0.81
0.79178 2.53 0.798 0.81
0.79260 2.43 0.798 0.81
0.79272 2.41 0.798 0.81
0.79289 2.23 0.799 0.81
0.79303 1.91 0.799 0.80
0.79318 1.85 0.799 0.80
0.79332 2.59 0.799 0.78
0.79347 0.95 0.799 0.78
0.79359 1.10 0.799 0.78
0.79374 0.64 0.800 0.78
0.79387 1.75 0.800 0.76
0.79399 1.45 0.800 0.75
0.79412 1.97 0.800 0.73
0.79425 0.64 0.800 0.72
0.79437 0.35 0.800 0.72
0.79448 1.30 0.800 0.70
0.79461 0.43 0.800 0.69
0.79472 0.85 0.800 0.68
0.79483 1.46 0.800 0.66
0.79494 0.49 0.800 0.65
0.79503 0.15 0.800 0.64
0.79514 1.44 0.800 0.62
0.79523 0.67 0.800 0.61
0.79532 1.22 0.800 0.59
0.79541 1.48 0.800 0.57
0.79550 0.18 0.800 0.57
0.79559 0.79 0.800 0.56
0.79568 0.62 0.800 0.55
0.79575 0.08 0.800 0.55
0.79583 0.25 0.800 0.55
0.79590 0.61 0.800 0.53
0.79597 0.85 0.800 0.52
0.79604 0.87 0.800 0.51
0.79612 0.65 0.800 0.50
0.79617 0.36 0.800 0.49
0.79624 1.72 0.800 0.47
0.79630 0.75 0.800 0.47
0.79635 0.48 0.800 0.46
0.79641 0.28 0.800 0.46
0.79646 1.95 0.800 0.44
0.79650 1.25 0.800 0.43
0.79655 1.57 0.800 0.42
0.79661 1.68 0.800 0.41
0.79664 0.38 0.800 0.42
0.79668 2.20 0.800 0.40
0.79673 1.86 0.800 0.39
0.79677 1.70 0.800 0.39
0.79681 1.67 0.800 0.39
0.79684 1.39 0.800 0.39
0.79688 1.16 0.800 0.39
0.79691 2.13 0.800 0.39
0.79695 2.65 0.800 0.38
0.79699 1.84 0.800 0.38
0.79702 1.76 0.800 0.38
0.79704 1.94 0.800 0.38
0.79708 1.01 0.800 0.39
0.79711 1.01 0.800 0.39
0.79713 1.58 0.800 0.39
0.79717 1.07 0.800 0.40
0.79719 2.00 0.800 0.39
0.79722 3.00 0.800 0.37
0.79724 2.13 0.800 0.37
0.79726 2.98 0.800 0.36
0.79730 2.71 0.800 0.35
0.79731 1.57 0.800 0.36
0.79733 3.45 0.800 0.35
0.79737 3.15 0.800 0.34
0.79739 2.85 0.800 0.34
0.79740 2.86 0.800 0.35
0.79742 2.58 0.800 0.35
0.79746 2.30 0.800 0.36
0.79748 2.17 0.800 0.37
0.79750 1.83 0.800 0.38
0.79751 2.09 0.801 0.38
0.79753 1.87 0.801 0.38
0.79757 1.97 0.801 0.39
0.79759 2.18 0.801 0.39
0.79760 1.79 0.801 0.39
0.79762 1.96 0.801 0.39
0.79764 3.39 0.801 0.37
0.79766 2.51 0.801 0.37
0.79768 3.50 0.801 0.36
0.79770 2.92 0.801 0.36
0.79771 2.70 0.801 0.36
0.79773 2.20 0.801 0.36
0.79775 4.36 0.801 0.35
0.79777 2.63 0.801 0.36
0.79779 3.85 0.801 0.36
0.79780 4.33 0.800 0.35
0.79782 2.13 0.801 0.37
0.79784 2.06 0.801 0.38
0.79786 3.90 0.801 0.37
0.79789 4.33 0.801 0.37
0.79791 3.43 0.801 0.37
0.79793 3.59 0.801 0.37
0.79797 2.31 0.801 0.39
0.79799 3.88 0.801 0.39
0.79800 3.81 0.801 0.39
0.79804 2.71 0.801 0.40
0.79806 3.89 0.801 0.40
0.79809 3.16 0.801 0.41
0.79813 3.98 0.801 0.41
0.79815 3.05 0.801 0.42
0.79819 1.98 0.801 0.43
0.79820 2.91 0.801 0.43
0.79824 3.30 0.801 0.42
0.79828 3.57 0.801 0.42
0.79831 2.90 0.801 0.43
0.79833 2.56 0.802 0.43
0.79837 2.00 0.802 0.44
0.79840 3.73 0.802 0.44
0.79844 1.67 0.802 0.45
0.79848 2.48 0.802 0.45
0.79851 1.99 0.802 0.45
0.79853 3.49 0.802 0.44
0.79871 2.59 0.802 0.44
0.79875 1.88 0.802 0.44
0.79877 2.53 0.802 0.44
0.79880 1.42 0.802 0.44
0.79884 1.68 0.802 0.44
0.79887 1.09 0.802 0.44
0.79891 2.04 0.802 0.44
0.79893 2.04 0.802 0.43
0.79897 2.56 0.802 0.42
0.79900 1.87 0.802 0.42
0.79902 2.65 0.802 0.41
0.79904 1.64 0.802 0.41
0.79907 0.97 0.802 0.41
0.79909 0.81 0.802 0.42
0.79911 2.50 0.802 0.40
0.79913 0.67 0.802 0.41
0.79915 1.76 0.802 0.40
0.79917 1.52 0.802 0.40
0.79918 1.47 0.802 0.39
0.79918 1.60 0.802 0.39
0.79920 1.13 0.802 0.39
0.79922 1.90 0.802 0.38
0.79922 1.03 0.802 0.38
0.79924 0.61 0.802 0.38
0.79924 1.20 0.802 0.38
0.79924 0.63 0.802 0.38
0.79926 1.83 0.802 0.37
0.79926 0.48 0.802 0.37
0.79926 0.63 0.802 0.37
0.79926 1.03 0.802 0.36
0.79926 1.73 0.802 0.35
0.79926 0.56 0.802 0.35
0.79926 0.49 0.802 0.35
0.79924 0.66 0.802 0.34
0.79924 0.51 0.802 0.34
0.79924 0.80 0.802 0.33
0.79924 1.25 0.802 0.32
0.79924 1.98 0.802 0.31
0.79924 2.11 0.802 0.29
0.79924 1.98 0.802 0.28
0.79924 0.54 0.802 0.29
0.79924 1.47 0.802 0.29
0.79924 0.65 0.802 0.29
0.79924 0.73 0.802 0.30
0.79922 1.38 0.802 0.29
0.79922 0.86 0.802 0.30
0.79922 1.49 0.802 0.29
0.79922 1.13 0.802 0.29
0.79922 0.55 0.802 0.29
0.79922 1.95 0.802 0.28
0.79922 1.85 0.801 0.27
0.79922 1.80 0.801 0.27
0.79922 1.03 0.801 0.27
0.79922 1.85 0.801 0.27
0.79922 1.11 0.801 0.27
0.79922 2.50 0.801 0.26
0.79922 1.83 0.801 0.26
0.79922 0.87 0.801 0.27
0.79922 1.48 0.801 0.27
0.79922 0.81 0.801 0.28
0.79922 1.56 0.801 0.27
0.79920 1.75 0.801 0.27
0.79920 1.64 0.801 0.27
0.79920 0.64 0.801 0.28
0.79920 1.22 0.801 0.28
0.79920 1.56 0.801 0.27
0.79920 1.16 0.801 0.27
0.79920 1.61 0.801 0.27
0.79920 0.78 0.801 0.27
0.79920 1.95 0.801 0.26
0.79920 1.41 0.801 0.26
0.79920 1.92 0.801 0.26
0.79920 2.19 0.801 0.25
0.79920 2.04 0.801 0.24
0.79920 1.22 0.801 0.25
0.79920 1.88 0.801 0.25
0.79920 0.89 0.801 0.26
0.79920 1.76 0.801 0.26
0.79920 1.78 0.801 0.26
0.79920 0.98 0.801 0.26
0.79920 0.77 0.801 0.27
0.79920 0.66 0.801 0.28
0.79920 2.04 0.801 0.27
0.79918 1.26 0.801 0.27
0.79918 2.40 0.801 0.25
0.79918 0.57 0.801 0.26
0.79918 1.06 0.801 0.26
0.79918 1.11 0.801 0.26
0.79918 0.63 0.801 0.27
0.79918 1.25 0.801 0.26
0.79918 1.26 0.801 0.25
0.79918 1.88 0.801 0.25
0.79918 0.84 0.801 0.25
0.79918 1.81 0.801 0.24
0.79918 0.57 0.801 0.25
0.79918 0.94 0.801 0.25
0.79918 0.69 0.801 0.25
0.79918 0.81 0.801 0.25
0.79918 0.67 0.801 0.25
0.79918 1.00 0.801 0.25
0.79918 0.92 0.801 0.24
0.79918 1.00 0.801 0.24
0.79918 0.85 0.801 0.23
0.79918 0.50 0.801 0.24
0.79918 0.74 0.801 0.24
0.79918 1.28 0.801 0.23
0.79918 0.82 0.801 0.23
0.79918 1.71 0.801 0.22
0.79918 1.17 0.801 0.21
0.79918 1.08 0.801 0.21
0.79918 0.69 0.801 0.21
0.79918 1.16 0.801 0.21
0.79918 1.89 0.801 0.20
0.79918 0.92 0.801 0.20
0.79918 1.40 0.801 0.20
0.79918 1.99 0.801 0.19
0.79918 0.66 0.801 0.20
0.79918 0.94 0.801 0.21
0.79918 1.40 0.801 0.21
0.79918 0.90 0.801 0.21
0.79918 1.86 0.801 0.20
0.79918 0.93 0.801 0.21
0.79918 1.55 0.801 0.21
0.79918 2.17 0.801 0.20
0.79918 1.23 0.801 0.20
0.79918 1.46 0.801 0.20
0.79918 1.00 0.801 0.21
0.79918 1.47 0.801 0.21
0.79918 2.07 0.801 0.20
0.79918 1.38 0.801 0.21
0.79918 2.27 0.801 0.20
0.79918 2.49 0.801 0.20
0.79918 0.86 0.801 0.21
0.79918 2.22 0.801 0.21
0.79918 0.93 0.801 0.22
0.79918 1.09 0.801 0.22
0.79918 0.91 0.801 0.23
0.79918 1.05 0.801 0.23
0.79917 2.15 0.801 0.22
0.79917 1.96 0.801 0.21
0.79917 1.43 0.801 0.21
0.79917 0.77 0.801 0.22
0.79917 2.04 0.801 0.22
0.79917 1.74 0.801 0.21
0.79917 2.34 0.801 0.21
0.79917 2.08 0.801 0.21
0.79917 1.42 0.801 0.21
0.79917 1.98 0.801 0.21
0.79917 1.49 0.801 0.22
0.79917 1.37 0.801 0.22
0.79917 1.75 0.801 0.23
0.79917 1.67 0.801 0.23
0.79917 1.30 0.801 0.23
0.79917 2.03 0.801 0.23
0.79917 2.35 0.801 0.22
0.79917 0.54 0.801 0.24
0.79917 1.24 0.801 0.24
0.79917 0.56 0.801 0.25
0.79917 0.68 0.801 0.26
0.79915 0.57 0.801 0.26
0.79915 0.82 0.801 0.26
0.79915 2.36 0.801 0.24
0.79915 0.62 0.801 0.24
0.79915 1.25 0.801 0.24
0.79915 2.27 0.801 0.22
0.79915 1.35 0.801 0.22
0.79915 2.25 0.801 0.21
0.79915 1.72 0.801 0.21
0.79915 2.24 0.801 0.21
0.79915 0.72 0.801 0.22
0.79915 0.82 0.801 0.22
0.79915 1.77 0.801 0.22
0.79915 2.05 0.801 0.21
0.79915 0.88 0.801 0.22
0.79915 1.86 0.801 0.22
0.79915 0.96 0.801 0.23
0.79915 1.35 0.801 0.23
0.79915 1.08 0.801 0.23
0.79915 2.03 0.801 0.22
0.79915 1.34 0.801 0.22
0.79915 1.28 0.801 0.23
0.79915 2.09 0.801 0.22
0.79915 1.97 0.801 0.22
0.79915 1.08 0.801 0.22
0.79915 2.39 0.801 0.22
0.79915 1.58 0.801 0.22
0.79915 1.03 0.801 0.23
0.79915 2.24 0.801 0.22
0.79915 1.21 0.801 0.23
0.79915 2.15 0.801 0.22
0.79915 0.75 0.801 0.23
0.79915 0.80 0.801 0.24
0.79915 0.76 0.801 0.25
0.79915 0.71 0.801 0.25
0.79915 2.23 0.801 0.24
0.79913 0.68 0.801 0.24
0.79913 2.55 0.801 0.23
0.79913 1.21 0.801 0.23
0.79913 1.85 0.801 0.22
0.79913 0.90 0.801 0.23
0.79913 0.73 0.801 0.23
0.79913 1.67 0.801 0.23
0.79913 2.14 0.801 0.22
0.79913 1.68 0.801 0.21
0.79913 0.89 0.801 0.22
0.79913 0.79 0.801 0.23
0.79913 1.29 0.801 0.23
0.79913 1.68 0.801 0.22
0.79913 1.08 0.801 0.23
0.79913 1.26 0.801 0.23
0.79913 1.27 0.801 0.23
0.79913 0.71 0.801 0.23
0.79911 0.92 0.801 0.23
0.79911 2.05 0.801 0.22
0.79911 1.63 0.801 0.22
0.79911 1.60 0.801 0.21
0.79911 2.23 0.801 0.21
0.79911 0.71 0.801 0.22
0.79911 1.63 0.801 0.22
0.79911 1.35 0.801 0.22
0.79911 0.83 0.801 0.22
0.79911 0.81 0.801 0.23
0.79911 0.78 0.801 0.23
0.79909 0.89 0.801 0.23
0.79909 1.79 0.801 0.22
0.79909 1.16 0.801 0.22
0.79909 0.76 0.801 0.22
0.79909 1.51 0.801 0.22
0.79909 1.05 0.801 0.22
0.79909 0.79 0.801 0.22
0.79909 1.40 0.801 0.22
0.79909 1.43 0.801 0.21
0.79909 1.30 0.801 0.21
0.79909 0.87 0.801 0.21
0.79909 1.11 0.801 0.21
0.79909 0.77 0.801 0.22
0.79909 1.51 0.801 0.21
0.79909 1.06 0.801 0.21
0.79909 0.62 0.801 0.21
0.79909 1.35 0.801 0.21
0.79909 2.44 0.801 0.19
0.79909 1.42 0.801 0.19
0.79909 1.42 0.801 0.19
0.79909 1.18 0.801 0.20
0.79909 1.61 0.801 0.19
0.79909 0.98 0.801 0.20
0.79909 1.13 0.801 0.20
0.79909 1.23 0.801 0.21
0.79909 1.91 0.801 0.20
0.79907 2.21 0.801 0.19
0.79907 1.18 0.801 0.20
0.79907 0.97 0.801 0.21
0.79907 2.40 0.801 0.20
0.79907 1.54 0.801 0.20
0.79907 2.00 0.801 0.20
0.79907 1.80 0.801 0.20
0.79907 1.24 0.801 0.21
0.79907 1.82 0.801 0.21
0.79907 1.28 0.801 0.21
0.79907 2.23 0.801 0.21
0.79907 1.46 0.801 0.21
0.79907 1.88 0.801 0.21
0.79907 0.69 0.801 0.22
0.79907 1.77 0.801 0.22
0.79907 1.78 0.801 0.22
0.79907 2.29 0.801 0.21
0.79907 1.99 0.801 0.21
0.79907 2.30 0.801 0.21
0.79907 0.78 0.801 0.23
0.79907 2.25 0.801 0.22
0.79907 1.03 0.801 0.23
0.79907 1.96 0.801 0.23
0.79907 1.81 0.801 0.23
0.79907 1.88 0.801 0.23
0.79907 0.81 0.801 0.24
0.79907 2.33 0.801 0.23
0.79907 1.55 0.801 0.23
0.79907 2.09 0.801 0.23
0.79907 1.57 0.801 0.23
0.79907 1.58 0.801 0.23
0.79907 1.22 0.801 0.24
0.79907 1.76 0.801 0.24
0.79907 2.15 0.801 0.23
0.79907 1.47 0.801 0.24
0.79907 2.38 0.801 0.23
0.79907 1.39 0.801 0.23
0.79907 1.29 0.801 0.24
0.79907 1.25 0.801 0.24
0.79907 0.96 0.801 0.25
0.79907 1.78 0.801 0.25
0.79907 1.18 0.801 0.25
0.79907 1.65 0.801 0.24
0.79907 1.14 0.801 0.24
0.79907 2.07 0.801 0.24
0.79907 0.68 0.801 0.25
0.79907 0.90 0.801 0.25
0.79907 1.76 0.801 0.24
0.79907 1.49 0.801 0.24
0.79907 1.10 0.801 0.24
0.79907 0.84 0.801 0.24
0.79907 1.72 0.801 0.23
0.79907 1.19 0.801 0.24
0.79907 1.00 0.801 0.24
0.79907 1.12 0.801 0.24
0.79907 2.05 0.801 0.23
0.79907 1.48 0.801 0.23
0.79907 2.25 0.801 0.22
0.79907 0.79 0.801 0.23
0.79907 2.57 0.801 0.22
0.79907 1.83 0.801 0.22
0.79907 1.20 0.801 0.22
0.79907 1.59 0.801 0.22
0.79907 0.76 0.801 0.23
0.79907 2.42 0.801 0.22
0.79907 2.61 0.801 0.22
0.79907 1.25 0.801 0.23
0.79907 0.75 0.801 0.24
0.79907 2.30 0.801 0.23
0.79907 1.75 0.801 0.23
0.79907 1.19 0.801 0.24
0.79907 1.32 0.801 0.24
0.79907 2.59 0.801 0.23
0.79907 1.00 0.801 0.24
0.79907 1.13 0.801 0.24
0.79907 1.30 0.801 0.25
0.79907 2.28 0.801 0.24
0.79907 0.69 0.801 0.24
0.79907 1.38 0.801 0.24
0.79907 2.37 0.801 0.23
0.79907 1.88 0.801 0.23
0.79907 2.60 0.801 0.23
0.79907 1.45 0.801 0.23
0.79907 1.95 0.801 0.23
0.79907 1.11 0.801 0.24
0.79907 0.94 0.801 0.25
0.79907 0.78 0.801 0.25
0.79907 1.67 0.801 0.25
0.79907 1.93 0.801 0.24
0.79907 1.16 0.801 0.24
0.79907 2.08 0.801 0.24
0.79907 1.06 0.801 0.24
0.79907 2.39 0.801 0.23
0.79907 2.12 0.801 0.23
0.79907 1.50 0.801 0.23
0.79907 1.55 0.801 0.23
0.79907 1.70 0.801 0.23
0.79907 2.16 0.801 0.23
0.79907 0.90 0.801 0.24
0.79907 1.15 0.801 0.25
0.79907 1.09 0.801 0.25
0.79907 2.27 0.801 0.24
0.79907 2.08 0.801 0.24
0.79907 1.45 0.801 0.24
0.79907 1.43 0.801 0.24
0.79907 0.87 0.801 0.25
0.79907 1.14 0.801 0.25
0.79907 2.36 0.801 0.24
0.79907 2.34 0.801 0.24
0.79907 1.97 0.801 0.24
0.79907 2.09 0.801 0.23
0.79907 1.25 0.801 0.24
0.79907 0.93 0.801 0.25
0.79907 0.87 0.801 0.25
0.79907 0.87 0.801 0.26
0.79907 2.03 0.801 0.25
0.79907 1.44 0.801 0.25
0.79907 0.86 0.801 0.25
0.79907 1.98 0.801 0.24
0.79907 2.40 0.801 0.23
0.79907 1.13 0.801 0.24
0.79907 1.66 0.801 0.24
0.79907 1.53 0.801 0.24
0.79907 1.38 0.801 0.24
0.79907 1.32 0.801 0.24
0.79907 1.98 0.801 0.24
0.79907 1.22 0.801 0.24
0.79907 2.50 0.801 0.23
0.79907 1.08 0.801 0.24
0.79907 2.42 0.801 0.24
0.79907 2.51 0.801 0.23
0.79907 0.95 0.801 0.24
0.79907 1.95 0.801 0.24
0.79907 1.25 0.801 0.25
0.79907 1.44 0.801 0.25
0.79907 1.06 0.801 0.25
0.79907 1.91 0.801 0.25
0.79907 1.32 0.801 0.25
0.79907 0.92 0.801 0.26
0.79907 2.28 0.801 0.25
0.79907 2.57 0.801 0.24
0.79907 2.46 0.801 0.23
0.79907 1.93 0.801 0.24
0.79907 1.89 0.801 0.24
0.79907 0.91 0.801 0.25
0.79907 2.10 0.801 0.24
0.79907 1.96 0.801 0.24
0.79907 0.77 0.801 0.25
0.79907 2.13 0.801 0.25
0.79907 1.18 0.801 0.25
0.79907 2.15 0.801 0.25
0.79907 2.11 0.801 0.25
0.79907 2.00 0.801 0.25
0.79907 2.05 0.801 0.24
0.79907 1.53 0.801 0.25
0.79907 1.43 0.801 0.25
0.79907 1.55 0.801 0.25
0.79907 1.71 0.801 0.26
0.79907 1.14 0.801 0.26
0.79907 2.29 0.801 0.26
0.79907 2.35 0.801 0.25
0.79907 2.03 0.801 0.25
0.79907 1.19 0.801 0.26
0.79907 1.46 0.801 0.26
0.79907 1.72 0.801 0.26
0.79907 1.05 0.801 0.27
0.79907 1.43 0.801 0.27
0.79907 1.09 0.801 0.27
0.79907 1.13 0.801 0.27
0.79907 0.76 0.801 0.28
0.79907 0.92 0.801 0.28
0.79907 0.85 0.801 0.28
0.79907 2.11 0.801 0.26
0.79907 1.76 0.801 0.25
0.79907 1.91 0.801 0.25
0.79907 1.28 0.801 0.25
0.79907 0.92 0.801 0.25
0.79907 1.89 0.801 0.25
0.79907 1.38 0.801 0.25
0.79907 1.62 0.801 0.24
0.79907 1.30 0.801 0.24
0.79907 1.97 0.801 0.24
0.79907 1.39 0.801 0.24
0.79907 2.20 0.801 0.24
0.79907 1.16 0.801 0.24
0.79907 2.24 0.801 0.23
0.79907 0.91 0.801 0.24
0.79907 1.04 0.801 0.25
0.79907 1.78 0.801 0.24
0.79907 1.95 0.801 0.24
0.79907 1.97 0.801 0.23
0.79907 1.77 0.801 0.23
0.79907 2.18 0.801 0.23
0.79907 1.69 0.801 0.23
0.79907 0.64 0.801 0.25
0.79907 1.41 0.801 0.25
0.79907 1.56 0.801 0.25
0.79907 1.04 0.801 0.26
0.79907 0.70 0.801 0.26
0.79907 2.09 0.801 0.26
0.79907 0.90 0.801 0.26
0.79907 1.78 0.801 0.26
0.79907 1.55 0.801 0.25
0.79907 2.44 0.801 0.24
0.79907 1.52 0.801 0.24
0.79907 0.83 0.801 0.25
0.79907 0.77 0.801 0.25
0.79907 2.34 0.801 0.24
0.79907 1.77 0.801 0.24
0.79907 0.76 0.801 0.24
0.79907 1.14 0.801 0.25
0.79907 1.28 0.801 0.25
0.79907 1.83 0.801 0.24
0.79907 2.46 0.801 0.23
0.79907 2.06 0.801 0.23
0.79907 0.90 0.801 0.24
0.79907 1.02 0.801 0.24
0.79907 1.03 0.801 0.25
0.79907 1.77 0.801 0.24
0.79907 1.41 0.801 0.24
0.79907 1.08 0.801 0.25
0.79907 0.82 0.801 0.25
0.79907 1.06 0.801 0.25
0.79907 1.33 0.801 0.25
0.79907 1.80 0.801 0.24
0.79907 0.84 0.801 0.24
0.79907 1.69 0.801 0.24
0.79907 2.09 0.801 0.22
0.79907 2.79 0.801 0.22
0.79907 1.46 0.801 0.22
0.79907 2.70 0.801 0.21
0.79907 2.11 0.801 0.22
0.79907 0.95 0.801 0.23
0.79907 1.06 0.801 0.24
0.79907 0.90 0.801 0.24
0.79907 1.62 0.801 0.24
0.79907 2.18 0.801 0.23
0.79907 1.55 0.801 0.23
0.79907 1.05 0.801 0.24
0.79907 0.92 0.801 0.25
0.79907 2.01 0.801 0.24
0.79907 1.57 0.801 0.24
0.79907 0.88 0.801 0.25
0.79907 1.86 0.801 0.24
0.79907 0.95 0.801 0.25
0.79907 2.03 0.801 0.24
0.79907 1.94 0.801 0.23
0.79907 2.03 0.801 0.23
0.79907 0.68 0.801 0.24
0.79907 1.62 0.801 0.24
0.79907 1.65 0.801 0.24
0.79907 0.99 0.801 0.24
0.79907 2.00 0.801 0.24
0.79907 1.94 0.801 0.23
0.79907 1.65 0.801 0.24
0.79907 2.16 0.801 0.23
0.79907 2.15 0.801 0.23
0.79907 1.36 0.801 0.23
0.79907 1.05 0.801 0.24
0.79907 2.31 0.801 0.24
0.79907 1.38 0.801 0.24
0.79907 1.43 0.801 0.24
0.79907 1.65 0.801 0.24
0.79907 0.82 0.801 0.25
0.79907 2.73 0.801 0.24
0.79907 2.30 0.801 0.24
0.79907 2.51 0.801 0.23
0.79907 1.19 0.801 0.24
0.79907 1.95 0.801 0.24
0.79907 0.69 0.801 0.25
0.79907 0.87 0.801 0.26
0.79907 0.89 0.801 0.26
0.79907 2.32 0.801 0.25
0.79907 1.69 0.801 0.25
0.79907 1.24 0.801 0.25
0.79907 0.92 0.801 0.26
0.79907 0.72 0.801 0.26
0.79907 1.46 0.801 0.26
0.79907 1.93 0.801 0.24
0.79907 0.94 0.801 0.25
0.79907 1.26 0.801 0.25
0.79907 0.73 0.801 0.25
0.79907 1.18 0.801 0.25
0.79907 1.63 0.801 0.24
0.79907 1.22 0.801 0.24
0.79907 0.99 0.801 0.24
0.79907 2.08 0.801 0.23
0.79907 0.94 0.801 0.24
0.79907 1.70 0.801 0.23
0.79907 1.10 0.801 0.23
0.79907 1.47 0.801 0.23
0.79907 0.92 0.801 0.24
0.79907 2.41 0.801 0.22
0.79907 1.51 0.801 0.22
0.79907 2.28 0.801 0.22
0.79907 1.28 0.801 0.22
0.79907 1.26 0.801 0.22
0.79907 1.07 0.801 0.23
0.79907 1.80 0.801 0.23
0.79907 1.71 0.801 0.23
0.79907 2.10 0.801 0.22
0.79907 0.73 0.801 0.23
0.79907 1.74 0.801 0.23
0.79907 1.46 0.801 0.23
0.79907 1.70 0.801 0.23
0.79907 1.55 0.801 0.23
0.79907 1.70 0.801 0.23
0.79907 1.04 0.801 0.24
0.79907 1.26 0.801 0.24
0.79907 2.10 0.801 0.23
0.79907 2.17 0.801 0.22
0.79907 1.75 0.801 0.23
0.79907 0.89 0.801 0.24
0.79907 2.17 0.801 0.23
0.79907 1.55 0.801 0.23
0.79907 0.72 0.801 0.24
0.79907 1.16 0.801 0.25
0.79907 2.46 0.801 0.24
0.79907 2.11 0.801 0.23
0.79907 1.74 0.801 0.23
0.79907 1.08 0.801 0.24
0.79907 1.90 0.801 0.23
0.79907 1.31 0.801 0.24
0.79907 1.65 0.801 0.24
0.79907 1.59 0.801 0.24
0.79907 1.82 0.801 0.24
0.79907 1.90 0.801 0.24
0.79907 1.22 0.801 0.24
0.79907 1.14 0.801 0.25
0.79907 1.18 0.801 0.25
0.79907 1.16 0.801 0.25
0.79907 1.10 0.801 0.25
0.79907 1.62 0.801 0.25
0.79907 0.91 0.801 0.25
0.79907 1.78 0.801 0.25
0.79907 0.69 0.801 0.25
0.79907 2.51 0.801 0.24
0.79907 1.60 0.801 0.23
0.79907 1.12 0.801 0.24
0.79907 1.09 0.801 0.24
0.79907 0.91 0.801 0.24
0.79907 0.82 0.801 0.24
0.79907 1.01 0.801 0.24
0.79907 2.59 0.801 0.23
0.79907 2.33 0.801 0.22
0.79907 2.14 0.801 0.21
0.79907 0.93 0.801 0.22
0.79907 0.90 0.801 0.23
0.79907 2.24 0.801 0.22
0.79907 2.32 0.801 0.22
0.79907 1.84 0.801 0.22
0.79907 1.16 0.801 0.23
0.79907 2.35 0.801 0.22
0.79907 2.44 0.801 0.22
0.79907 1.82 0.801 0.22
0.79907 2.19 0.801 0.23
0.79907 1.70 0.801 0.23
0.79907 2.30 0.801 0.23
0.79907 1.24 0.801 0.24
0.79907 1.54 0.801 0.24
0.79907 1.38 0.801 0.25
0.79907 2.45 0.801 0.24
0.79907 1.08 0.801 0.25
0.79907 1.03 0.801 0.26
0.79907 2.22 0.801 0.25
0.79907 2.00 0.801 0.25
0.79907 0.90 0.801 0.26
0.79907 1.69 0.801 0.26
0.79907 2.00 0.801 0.25
0.79907 1.41 0.801 0.25
0.79907 1.37 0.801 0.26
0.79907 1.42 0.801 0.26
0.79907 0.89 0.801 0.26
0.79907 1.03 0.801 0.26
0.79907 1.24 0.801 0.26
0.79907 1.96 0.801 0.25
0.79907 1.77 0.801 0.24
0.79907 1.93 0.801 0.24
0.79907 2.01 0.801 0.23
0.79907 0.90 0.801 0.24
0.79907 0.68 0.801 0.25
0.79907 0.76 0.801 0.26
0.79907 1.23 0.801 0.26
0.79907 1.44 0.801 0.25
0.79907 1.04 0.801 0.25
0.79907 0.92 0.801 0.25
0.79907 1.62 0.801 0.25
0.79907 2.59 0.801 0.23
0.79907 2.00 0.801 0.23
0.79907 2.50 0.801 0.22
0.79907 1.81 0.801 0.22
0.79907 2.27 0.801 0.22
0.79907 2.57 0.801 0.22
0.79907 2.45 0.801 0.22
0.79909 1.11 0.801 0.23
0.79909 1.68 0.801 0.23
0.79909 1.64 0.801 0.24
0.79909 0.78 0.801 0.25
0.79909 2.10 0.801 0.25
0.79909 1.02 0.801 0.26
0.79909 2.07 0.801 0.25
0.79909 2.31 0.801 0.24
0.79909 1.73 0.801 0.24
0.79909 1.81 0.801 0.24
0.79909 0.98 0.801 0.25
0.79909 0.77 0.801 0.26
0.79909 0.71 0.801 0.27
0.79909 0.83 0.801 0.27
0.79909 1.49 0.801 0.27
0.79909 1.34 0.801 0.26
0.79909 1.57 0.801 0.25
0.79909 1.96 0.801 0.24
0.79909 0.99 0.801 0.25
0.79909 2.16 0.801 0.24
0.79909 0.89 0.801 0.25
0.79909 1.58 0.801 0.24
0.79909 1.21 0.801 0.25
0.79909 2.24 0.801 0.24
0.79909 1.40 0.801 0.24
0.79909 0.90 0.801 0.24
0.79909 1.42 0.801 0.24
0.79909 1.03 0.801 0.25
0.79909 0.77 0.801 0.25
0.79909 1.73 0.801 0.24
0.79909 1.72 0.801 0.24
0.79909 1.36 0.801 0.24
0.79909 2.25 0.801 0.23
0.79909 1.69 0.801 0.23
0.79909 2.36 0.801 0.22
0.79909 1.96 0.801 0.22
0.79909 1.86 0.801 0.22
0.79909 1.38 0.801 0.23
0.79909 0.64 0.801 0.24
0.79909 1.01 0.801 0.25
0.79909 1.88 0.801 0.24
0.79909 0.98 0.801 0.25
0.79909 1.29 0.801 0.25
0.79909 0.86 0.801 0.26
0.79909 2.47 0.801 0.24
0.79909 1.90 0.801 0.24
0.79909 2.11 0.801 0.23
0.79909 0.74 0.801 0.24
0.79909 0.89 0.801 0.25
0.79909 1.26 0.801 0.25
0.79909 0.79 0.801 0.25
0.79909 0.78 0.801 0.25
0.79909 1.41 0.801 0.25
0.79909 1.54 0.801 0.24
0.79909 1.50 0.801 0.23
0.79909 1.38 0.801 0.23
0.79909 1.77 0.801 0.23
0.79909 1.89 0.801 0.22
0.79909 2.11 0.801 0.22
0.79909 0.72 0.801 0.23
0.79909 1.13 0.801 0.23
0.79909 0.94 0.801 0.24
0.79909 1.41 0.801 0.23
0.79909 1.70 0.801 0.23
0.79909 0.70 0.801 0.24
0.79909 1.81 0.801 0.23
0.79909 1.00 0.801 0.23
0.79909 1.10 0.801 0.23
0.79909 1.64 0.801 0.23
0.79909 2.32 0.801 0.22
0.79909 2.49 0.801 0.21
0.79909 1.74 0.801 0.21
0.79909 0.83 0.801 0.22
0.79909 1.58 0.801 0.22
0.79909 1.85 0.801 0.22
0.79909 0.96 0.801 0.23
0.79909 0.92 0.801 0.24
0.79909 1.58 0.801 0.23
0.79909 0.73 0.801 0.24
0.79909 1.62 0.801 0.23
0.79909 0.96 0.801 0.24
0.79909 0.79 0.801 0.24
0.79909 1.66 0.801 0.23
0.79909 1.22 0.801 0.23
0.79909 1.83 0.801 0.23
0.79909 0.91 0.801 0.23
0.79909 1.35 0.801 0.23
0.79909 1.33 0.801 0.23
0.79909 1.25 0.801 0.23
0.79909 2.69 0.801 0.22
0.79909 0.86 0.801 0.22
0.79909 1.25 0.801 0.22
0.79909 0.74 0.801 0.23
0.79909 1.88 0.801 0.22
0.79909 2.37 0.801 0.21
0.79909 1.67 0.801 0.21
0.79909 0.88 0.801 0.22
0.79909 1.02 0.801 0.22
0.79909 0.66 0.801 0.23
0.79909 1.05 0.801 0.23
0.79909 1.21 0.801 0.23
0.79909 1.09 0.801 0.23
0.79909 0.67 0.801 0.23
0.79909 1.36 0.801 0.23
0.79909 2.23 0.801 0.22
0.79909 1.94 0.801 0.21
0.79909 0.62 0.801 0.22
0.79909 1.67 0.801 0.21
0.79909 2.07 0.801 0.21
0.79909 1.89 0.801 0.20
0.79909 1.64 0.801 0.20
0.79909 1.54 0.801 0.21
0.79909 1.22 0.801 0.21
0.79909 1.03 0.801 0.22
0.79909 1.54 0.801 0.22
0.79909 2.05 0.801 0.21
0.79909 0.91 0.801 0.22
0.79909 1.11 0.801 0.23
0.79909 1.89 0.801 0.22
0.79909 1.96 0.801 0.22
0.79909 2.18 0.801 0.21
0.79909 0.96 0.801 0.22
0.79909 2.05 0.801 0.22
0.79909 0.66 0.801 0.23
0.79909 1.50 0.801 0.23
0.79909 2.07 0.801 0.22
0.79909 1.04 0.801 0.23
0.79909 2.17 0.801 0.23
0.79909 2.24 0.801 0.22
0.79909 1.95 0.801 0.22
0.79909 1.33 0.801 0.22
0.79909 1.54 0.801 0.22
0.79909 1.64 0.801 0.23
0.79909 1.26 0.801 0.23
0.79909 1.04 0.801 0.24
0.79909 1.29 0.801 0.24
0.79909 1.40 0.801 0.24
0.79909 0.69 0.801 0.24
0.79909 0.97 0.801 0.25
0.79909 1.51 0.801 0.24
0.79909 1.42 0.801 0.24
0.79909 1.25 0.801 0.23
0.79909 1.32 0.801 0.23
0.79909 1.16 0.801 0.23
0.79909 0.85 0.801 0.23
0.79909 0.92 0.801 0.23
0.79909 1.49 0.801 0.23
0.79909 1.27 0.801 0.23
0.79909 1.14 0.801 0.22
0.79909 1.85 0.801 0.22
0.79909 1.09 0.801 0.22
0.79909 1.65 0.801 0.21
0.79909 1.41 0.801 0.22
0.79909 1.61 0.801 0.22
0.79909 2.17 0.801 0.21
0.79909 1.37 0.801 0.21
0.79909 1.31 0.801 0.21
0.79909 2.04 0.801 0.21
0.79909 2.20 0.801 0.21
0.79909 2.12 0.801 0.21
0.79909 2.31 0.801 0.20
0.79909 1.57 0.801 0.21
0.79909 1.44 0.801 0.21
0.79909 1.57 0.801 0.22
0.79909 1.84 0.801 0.22
0.79909 1.11 0.801 0.23
0.79909 1.31 0.801 0.24
0.79909 1.16 0.801 0.24
0.79909 1.96 0.801 0.24
0.79909 1.67 0.801 0.23
0.79909 1.03 0.801 0.24
0.79909 1.70 0.801 0.24
0.79909 1.18 0.801 0.24
0.79909 2.21 0.801 0.23
0.79909 2.50 0.801 0.23
0.79909 0.66 0.801 0.24
0.79909 1.60 0.801 0.24
0.79909 0.73 0.801 0.24
0.79909 2.05 0.801 0.24
0.79909 0.99 0.801 0.24
0.79909 1.84 0.801 0.24
0.79909 1.45 0.801 0.23
0.79909 1.36 0.801 0.23
0.79909 1.51 0.801 0.23
0.79909 1.90 0.801 0.23
0.79909 1.75 0.801 0.23
0.79909 2.46 0.801 0.22
0.79909 1.71 0.801 0.22
0.79909 1.05 0.801 0.23
0.79909 0.98 0.801 0.24
0.79909 1.10 0.801 0.24
0.79909 1.36 0.801 0.24
0.79909 2.32 0.801 0.23
0.79909 1.62 0.801 0.23
0.79909 2.23 0.801 0.23
0.79909 1.29 0.801 0.23
0.79909 1.20 0.801 0.24
0.79909 1.17 0.801 0.24
0.79909 1.88 0.801 0.23
0.79909 0.88 0.801 0.24
0.79909 1.79 0.801 0.24
0.79909 0.99 0.801 0.24
0.79909 1.38 0.801 0.24
0.79909 2.22 0.801 0.24
0.79909 1.63 0.801 0.23
0.79909 1.20 0.801 0.24
0.79909 1.06 0.801 0.24
0.79909 2.27 0.801 0.23
0.79909 1.81 0.801 0.23
0.79909 1.57 0.801 0.23
0.79909 1.02 0.801 0.24
0.79909 1.31 0.801 0.24
0.79909 1.27 0.801 0.24
0.79909 1.42 0.801 0.24
0.79909 0.77 0.801 0.25
0.79909 1.71 0.801 0.24
0.79909 1.54 0.801 0.24
0.79909 1.19 0.801 0.24
0.79909 1.09 0.801 0.24
0.79909 2.21 0.801 0.23
0.79909 1.93 0.801 0.22
0.79909 1.64 0.801 0.22
0.79909 1.90 0.801 0.22
0.79909 2.60 0.801 0.21
0.79909 2.20 0.801 0.22
0.79909 1.66 0.801 0.22
0.79909 1.81 0.801 0.22
0.79909 1.63 0.801 0.23
0.79909 1.76 0.801 0.23
0.79909 2.23 0.801 0.23
0.79909 0.79 0.801 0.25
0.79909 2.43 0.801 0.24
0.79909 1.74 0.801 0.24
0.79909 1.32 0.801 0.25
0.79909 1.04 0.801 0.25
0.79909 1.86 0.801 0.25
0.79909 1.01 0.801 0.26
0.79909 1.34 0.801 0.25
0.79909 1.63 0.801 0.25
0.79909 0.88 0.801 0.26
0.79909 1.07 0.801 0.26
0.79909 1.47 0.801 0.25
0.79909 0.81 0.801 0.26
0.79909 0.98 0.801 0.26
0.79909 1.41 0.801 0.25
0.79909 2.40 0.801 0.24
0.79909 0.61 0.801 0.24
0.79909 2.37 0.801 0.23
0.79909 0.59 0.801 0.24
0.79909 1.14 0.801 0.24
0.79909 1.34 0.801 0.24
0.79909 0.86 0.801 0.24
0.79909 1.41 0.801 0.24
0.79909 1.98 0.801 0.23
0.79909 1.95 0.801 0.22
0.79909 1.39 0.801 0.22
0.79909 1.14 0.801 0.23
0.79909 2.18 0.801 0.22
0.79909 1.09 0.801 0.22
0.79909 2.02 0.801 0.22
0.79909 1.12 0.801 0.23
0.79909 0.74 0.801 0.24
0.79909 1.62 0.801 0.24
0.79909 0.85 0.801 0.24
0.79909 1.10 0.801 0.24
0.79909 1.07 0.801 0.24
0.79909 2.06 0.801 0.23
0.79909 1.17 0.801 0.23
0.79909 1.76 0.801 0.23
0.79909 1.64 0.801 0.22
0.79909 0.71 0.801 0.23
0.79909 1.65 0.801 0.23
0.79909 1.57 0.801 0.22
0.79909 1.13 0.801 0.23
0.79909 1.33 0.801 0.23
0.79909 0.64 0.801 0.23
0.79909 1.21 0.801 0.23
0.79909 1.38 0.801 0.23
0.79909 1.61 0.801 0.23
0.79909 0.88 0.801 0.23
0.79909 1.74 0.801 0.22
0.79909 1.35 0.801 0.22
0.79909 1.21 0.801 0.22
0.79909 2.07 0.801 0.21
0.79909 1.66 0.801 0.21
0.79909 2.34 0.801 0.21
0.79909 0.66 0.801 0.22
0.79909 1.02 0.801 0.22
0.79909 1.81 0.801 0.22
0.79909 1.80 0.801 0.22
0.79909 0.69 0.801 0.23
0.79909 2.22 0.801 0.22
0.79909 1.55 0.801 0.22
0.79909 1.44 0.801 0.22
0.79909 2.04 0.801 0.22
0.79909 1.11 0.801 0.23
0.79909 1.65 0.801 0.23
0.79909 1.49 0.801 0.23
0.79909 2.46 0.801 0.22
0.79909 2.34 0.801 0.21
0.79909 2.17 0.801 0.21
0.79909 1.24 0.801 0.22
0.79909 1.86 0.801 0.22
0.79909 1.75 0.801 0.23
0.79909 0.84 0.801 0.24
0.79909 1.17 0.801 0.24
0.79909 1.11 0.801 0.25
0.79909 1.55 0.801 0.25
0.79909 2.56 0.801 0.24
0.79909 1.68 0.801 0.24
0.79909 0.92 0.801 0.24
0.79909 1.67 0.801 0.24
0.79909 1.45 0.801 0.24
0.79909 1.57 0.801 0.24
0.79909 2.30 0.801 0.23
0.79909 1.90 0.801 0.23
0.79909 1.77 0.801 0.23
0.79909 1.38 0.801 0.23
0.79909 0.72 0.801 0.24
0.79909 2.10 0.801 0.24
0.79909 2.20 0.801 0.23
0.79909 0.92 0.801 0.24
0.79909 2.17 0.801 0.24
0.79909 0.85 0.801 0.25
0.79909 0.78 0.801 0.25
0.79909 1.70 0.801 0.24
0.79909 1.08 0.801 0.25
0.79909 0.82 0.801 0.25
0.79909 1.06 0.801 0.25
0.79909 0.97 0.801 0.25
0.79909 0.97 0.801 0.25
0.79909 1.68 0.801 0.24
0.79909 2.32 0.801 0.23
0.79909 1.72 0.801 0.23
0.79909 1.68 0.801 0.22
0.79909 2.40 0.801 0.22
0.79909 0.70 0.801 0.23
0.79909 0.96 0.801 0.23
0.79909 1.10 0.801 0.23
0.79909 0.90 0.801 0.24
0.79909 1.80 0.801 0.23
0.79909 1.01 0.801 0.24
0.79909 0.67 0.801 0.24
0.79909 1.36 0.801 0.23
0.79909 2.17 0.801 0.22
0.79909 1.79 0.801 0.22
0.79909 2.11 0.801 0.21
0.79909 1.96 0.801 0.21
0.79909 1.37 0.801 0.22
0.79909 0.68 0.801 0.23
0.79909 2.09 0.801 0.22
0.79909 1.09 0.801 0.23
0.79909 0.75 0.801 0.24
0.79909 0.78 0.801 0.24
0.79909 2.04 0.801 0.23
0.79909 1.35 0.801 0.23
0.79909 0.77 0.801 0.24
0.79909 0.80 0.801 0.24
0.79909 2.15 0.801 0.23
0.79909 1.45 0.801 0.23
0.79909 1.48 0.801 0.22
0.79909 1.01 0.801 0.23
0.79909 1.62 0.801 0.22
0.79909 1.38 0.801 0.22
0.79909 1.12 0.801 0.23
0.79909 1.02 0.801 0.23
0.79909 1.41 0.801 0.23
0.79909 1.82 0.801 0.22
0.79909 1.42 0.801 0.22
0.79909 1.19 0.801 0.22
0.79909 1.21 0.801 0.22
0.79909 2.65 0.801 0.21
0.79909 0.94 0.801 0.22
0.79909 1.54 0.801 0.22
0.79909 1.40 0.801 0.22
0.79909 0.98 0.801 0.22
0.79909 1.45 0.801 0.22
0.79909 2.19 0.801 0.22
0.79909 2.28 0.801 0.21
0.79909 0.64 0.801 0.22
0.79909 2.34 0.801 0.22
0.79909 0.93 0.801 0.23
0.79909 0.88 0.801 0.23
0.79909 1.66 0.801 0.23
0.79909 1.59 0.801 0.22
0.79909 1.01 0.801 0.23
0.79909 1.39 0.801 0.23
0.79909 1.64 0.801 0.22
0.79909 1.50 0.801 0.22
0.79909 1.88 0.801 0.22
0.79909 0.98 0.801 0.23
0.79909 2.10 0.801 0.22
0.79909 1.60 0.801 0.22
0.79909 2.30 0.801 0.21
0.79909 2.10 0.801 0.21
0.79909 1.53 0.801 0.22
0.79909 0.96 0.801 0.23
0.79909 0.73 0.801 0.24
0.79909 1.99 0.801 0.23
0.79909 1.22 0.801 0.23
0.79909 2.19 0.801 0.23
0.79909 2.17 0.801 0.23
0.79909 1.03 0.801 0.23
0.79909 0.97 0.801 0.24
0.79909 2.56 0.801 0.23
0.79909 0.93 0.801 0.24
0.79909 0.65 0.801 0.25
0.79909 2.18 0.801 0.24
0.79909 2.12 0.801 0.23
0.79909 0.71 0.801 0.24
0.79909 1.97 0.801 0.23
0.79909 2.17 0.801 0.22
0.79909 2.39 0.801 0.22
0.79909 1.75 0.801 0.22
0.79909 1.75 0.801 0.23
0.79909 1.24 0.801 0.23
0.79909 1.59 0.801 0.23
0.79909 1.48 0.801 0.23
0.79909 1.75 0.801 0.23
0.79909 1.65 0.801 0.24
0.79909 2.32 0.801 0.23
0.79909 1.02 0.801 0.24
0.79909 2.45 0.801 0.23
0.79909 1.29 0.801 0.24
0.79909 2.14 0.801 0.24
0.79909 1.98 0.801 0.23
0.79909 1.69 0.801 0.24
0.79909 1.77 0.801 0.24
0.79909 0.86 0.801 0.25
0.79909 1.74 0.801 0.25
0.79909 1.33 0.801 0.25
0.79909 1.80 0.801 0.25
0.79909 0.76 0.801 0.26
0.79909 2.06 0.801 0.25
0.79909 2.03 0.801 0.24
0.79909 1.85 0.801 0.24
0.79909 0.80 0.801 0.25
0.79909 2.24 0.801 0.24
0.79909 1.89 0.801 0.24
0.79909 1.36 0.801 0.24
0.79909 1.06 0.801 0.25
0.79909 2.00 0.801 0.25
0.79909 1.35 0.801 0.25
0.79909 2.63 0.801 0.24
0.79909 0.93 0.801 0.25
0.79909 0.99 0.801 0.25
0.79909 1.96 0.801 0.24
0.79909 1.29 0.801 0.25
0.79909 1.77 0.801 0.25
0.79909 2.03 0.801 0.24
0.79909 1.14 0.801 0.25
0.79909 1.71 0.801 0.25
0.79909 1.38 0.801 0.25
0.79909 2.16 0.801 0.24
0.79909 1.61 0.801 0.24
0.79909 1.76 0.801 0.24
0.79909 1.50 0.801 0.24
0.79909 1.33 0.801 0.25
0.79909 2.02 0.801 0.24
0.79909 0.68 0.801 0.25
0.79909 2.31 0.801 0.24
0.79909 1.49 0.801 0.25
0.79909 2.10 0.801 0.24
0.79909 0.85 0.801 0.25
0.79909 0.97 0.801 0.26
0.79909 1.74 0.801 0.25
0.79909 2.58 0.801 0.24
0.79909 2.66 0.801 0.24
0.79909 1.89 0.801 0.23
0.79909 0.95 0.801 0.24
0.79909 1.28 0.801 0.25
0.79909 2.49 0.801 0.24
0.79909 1.94 0.801 0.24
0.79909 1.83 0.801 0.24
0.79909 1.48 0.801 0.25
0.79909 1.17 0.801 0.25
0.79909 1.51 0.801 0.25
0.79909 1.98 0.801 0.25
0.79909 1.94 0.801 0.25
0.79909 1.67 0.801 0.25
0.79909 1.39 0.801 0.25
0.79909 1.82 0.801 0.25
0.79909 1.61 0.801 0.26
0.79909 0.69 0.801 0.27
0.79909 0.81 0.801 0.27
0.79909 1.17 0.801 0.27
0.79909 1.39 0.801 0.27
0.79909 0.70 0.801 0.27
0.79909 0.93 0.801 0.27
0.79909 0.79 0.801 0.27
0.79909 1.40 0.801 0.26
0.79909 1.53 0.801 0.25
0.79909 2.25 0.801 0.24
0.79909 2.17 0.801 0.23
0.79909 1.09 0.801 0.23
0.79909 0.62 0.801 0.24
0.79909 1.79 0.801 0.24
0.79909 1.14 0.801 0.24
0.79909 1.55 0.801 0.24
0.79909 1.24 0.801 0.24
0.79909 1.92 0.801 0.23
0.79909 2.33 0.801 0.22
0.79909 1.93 0.801 0.22
0.79909 1.42 0.801 0.23
0.79909 2.10 0.801 0.23
0.79909 0.81 0.801 0.24
0.79909 1.51 0.801 0.24
0.79909 0.90 0.801 0.25
0.79909 0.99 0.801 0.25
0.79909 2.04 0.801 0.24
0.79909 0.75 0.801 0.25
0.79909 0.65 0.801 0.25
0.79909 1.74 0.801 0.24
0.79909 1.54 0.801 0.24
0.79909 2.16 0.801 0.23
0.79909 1.29 0.801 0.23
0.79909 1.97 0.801 0.23
0.79909 1.25 0.801 0.23
0.79909 0.71 0.801 0.24
0.79909 1.04 0.801 0.24
0.79909 2.27 0.801 0.23
0.79909 2.78 0.801 0.22
0.79909 2.14 0.801 0.22
0.79909 2.16 0.801 0.22
0.79909 2.21 0.801 0.22
0.79909 0.87 0.801 0.23
0.79911 0.93 0.801 0.24
0.79911 1.44 0.801 0.24
0.79911 1.36 0.801 0.25
0.79911 1.29 0.801 0.25
0.79911 1.11 0.801 0.25
0.79911 2.19 0.801 0.24
0.79911 1.66 0.801 0.24
0.79911 2.13 0.801 0.23
0.79911 1.90 0.801 0.23
0.79911 1.66 0.801 0.23
0.79911 0.72 0.801 0.24
0.79911 2.04 0.801 0.24
0.79911 1.80 0.801 0.24
0.79911 0.58 0.801 0.25
0.79911 1.31 0.801 0.25
0.79911 1.21 0.801 0.25
0.79911 0.93 0.801 0.26
0.79911 1.76 0.801 0.25
0.79911 1.04 0.801 0.25
0.79911 0.85 0.801 0.25
0.79911 0.78 0.801 0.25
0.79911 0.69 0.801 0.26
0.79911 1.73 0.801 0.25
0.79911 1.36 0.801 0.24
0.79911 1.08 0.801 0.24
0.79911 1.41 0.801 0.23
0.79911 1.46 0.801 0.23
0.79911 2.09 0.801 0.22
0.79911 1.02 0.801 0.22
0.79911 1.34 0.801 0.22
0.79911 1.31 0.801 0.22
0.79911 2.11 0.801 0.22
0.79911 1.64 0.801 0.22
0.79911 1.16 0.801 0.22
0.79911 1.44 0.801 0.22
0.79911 2.04 0.801 0.22
0.79911 1.88 0.801 0.21
0.79911 2.24 0.801 0.21
0.79911 1.09 0.801 0.22
0.79911 1.92 0.801 0.22
0.79911 1.14 0.801 0.23
0.79911 2.08 0.801 0.22
0.79911 1.00 0.801 0.23
0.79911 2.17 0.801 0.23
0.79911 1.41 0.801 0.23
0.79911 1.09 0.801 0.24
0.79911 1.63 0.801 0.24
0.79911 1.91 0.801 0.24
0.79911 1.17 0.801 0.24
0.79911 2.06 0.801 0.23
0.79911 1.45 0.801 0.24
0.79911 1.06 0.801 0.24
0.79911 1.40 0.801 0.24
0.79911 2.03 0.801 0.23
0.79911 1.28 0.801 0.24
0.79911 0.86 0.801 0.25
0.79911 1.10 0.801 0.25
0.79911 1.63 0.801 0.24
0.79911 0.73 0.801 0.25
0.79911 0.94 0.801 0.25
0.79911 1.69 0.801 0.24
0.79911 1.58 0.801 0.24
0.79911 2.00 0.801 0.23
0.79911 1.22 0.801 0.23
0.79911 1.06 0.801 0.23
0.79911 2.29 0.801 0.22
0.79911 0.67 0.801 0.23
0.79911 1.76 0.801 0.23
0.79911 1.33 0.801 0.23
0.79911 1.94 0.801 0.22
0.79911 0.89 0.801 0.23
0.79911 0.87 0.801 0.23
0.79911 0.80 0.801 0.24
0.79911 0.73 0.801 0.24
0.79911 1.66 0.801 0.23
0.79911 1.11 0.801 0.23
0.79911 1.21 0.801 0.23
0.79911 0.98 0.801 0.23
0.79911 0.72 0.801 0.23
0.79911 1.16 0.801 0.23
0.79911 1.76 0.801 0.22
0.79911 1.37 0.801 0.22
0.79911 2.01 0.801 0.21
0.79911 0.93 0.801 0.22
0.79911 1.16 0.801 0.22
